-0.60532,0.47028,0.24016,-0.07594,-0.087042,-0.0068484
-0.69885,0.55483,0.30247,-0.097786,-0.099543,-0.0093646
-0.51271,0.43864,0.20223,-0.079831,-0.070718,0.00096369
-0.51531,0.36075,0.15243,-0.065499,-0.080302,-0.015061
-0.58425,0.69973,0.25342,-0.10883,-0.088026,-0.0066812
-0.45112,0.45405,0.2946,-0.07803,-0.070951,-0.0030812
-0.53368,0.43446,0.32021,-0.077702,-0.086112,-0.0084963
-0.49838,0.50299,0.20678,-0.082329,-0.08166,-0.0063885
-0.53267,0.58066,0.17103,-0.090901,-0.075487,0.0085827
-0.64187,0.534,0.23702,-0.075177,-0.086589,-0.01738
-0.61697,0.61637,0.13435,-0.10468,-0.087419,-0.0020151
-0.49521,0.41186,0.13178,-0.070546,-0.072696,-0.0049823
-0.59265,0.39941,0.14312,-0.060095,-0.095425,-0.025327
-0.56522,0.56739,0.26693,-0.087746,-0.078369,0.0011436
-0.56404,0.56371,0.12637,-0.088539,-0.081567,0.0045284
-0.60684,0.6601,0.18998,-0.098552,-0.085138,-0.0086665
-0.49265,0.4138,0.32699,-0.07645,-0.086079,-0.0029445
-0.58573,0.4483,0.31204,-0.073977,-0.091291,-0.0084494
-0.64342,0.74197,0.19758,-0.099409,-0.088556,-0.0072451
-0.54392,0.4633,0.245,-0.084724,-0.072649,0.007219
-0.64664,0.66547,0.33985,-0.10029,-0.10316,-0.0094351
-0.64549,0.5239,0.23355,-0.081162,-0.091764,-0.014785
-0.52221,0.50769,0.14877,-0.08472,-0.075314,0.0032143
-0.55278,0.46204,0.10652,-0.080178,-0.090226,-0.014836
-0.60287,0.5881,0.27317,-0.092374,-0.079243,-0.010516
-0.40395,0.52413,0.22304,-0.084938,-0.070503,-0.0049164
-0.61521,0.51487,0.18569,-0.077668,-0.085604,-0.015695
-0.60912,0.5234,0.34797,-0.088558,-0.097211,-0.012179
-0.50542,0.70853,0.27034,-0.095737,-0.07731,0.0027676
-0.46147,0.45838,0.14555,-0.06807,-0.074266,-0.0097487
-0.50643,0.58112,0.37811,-0.094064,-0.088319,-0.0044876
-0.50489,0.58467,0.24712,-0.091725,-0.079888,-0.000939
-0.51174,0.28601,0.11003,-0.043327,-0.083185,-0.024421
-0.66648,0.55959,0.26488,-0.091913,-0.095424,-0.0094838
-0.5727,0.41413,0.26989,-0.082268,-0.089535,-0.0088062
-0.67569,0.41726,0.26843,-0.066843,-0.097144,-0.02505
-0.67809,0.49249,0.19535,-0.072674,-0.098082,-0.010364
-0.55307,0.53792,0.18761,-0.09044,-0.083003,0.001499
-0.66666,0.51629,0.2042,-0.080999,-0.094261,-0.014572
-0.54941,0.64303,0.3991,-0.10567,-0.083533,-0.00094896
-0.56818,0.51377,0.25869,-0.081722,-0.086984,-0.0091614
-0.56193,0.3915,0.3491,-0.067024,-0.091261,-0.027594
-0.61418,0.70564,0.34166,-0.11483,-0.08917,0.004708
-0.54107,0.4489,0.15989,-0.080842,-0.086306,-0.0072718
-0.62609,0.5922,0.25277,-0.09976,-0.082969,-0.013215
-0.4715,0.56497,0.30096,-0.094893,-0.077035,0.0049442
-0.68419,0.37746,0.20042,-0.071192,-0.099272,-0.014021
-0.59865,0.56861,0.11412,-0.085943,-0.090978,-0.01707
-0.48367,0.47304,0.047196,-0.076055,-0.065314,-0.0026346
-0.60283,0.55506,0.25026,-0.088174,-0.10072,-0.013535
-0.65339,0.57186,0.29988,-0.089511,-0.10051,-0.015121
-0.54382,0.5682,0.30021,-0.090401,-0.083138,0.0091688
-0.57395,0.44032,0.22201,-0.072142,-0.091601,-0.0055742
-0.59837,0.59626,0.29332,-0.093558,-0.080459,0.0021114
-0.54262,0.53846,0.17162,-0.080594,-0.077649,0.00081427
-0.58225,0.34459,0.1814,-0.056952,-0.090002,-0.021565
-0.63263,0.57507,0.27903,-0.091243,-0.09122,-0.0021868
-0.56486,0.61784,0.23918,-0.098171,-0.081335,0.0060114
-0.45993,0.43787,0.12697,-0.068168,-0.078085,-0.010388
-0.48436,0.56055,0.22849,-0.08822,-0.07529,-0.00074495
-0.52828,0.52699,0.1018,-0.086309,-0.078323,-0.000971
-0.56682,0.61299,0.1173,-0.093204,-0.081213,-0.00027466
-0.54361,0.36436,0.23782,-0.06461,-0.091938,-0.021821
-0.55328,0.62242,0.32725,-0.10345,-0.083884,0.0045709
-0.50456,0.5566,0.27765,-0.095724,-0.08343,-0.0032474
-0.65767,0.44017,0.32206,-0.073433,-0.099198,-0.020928
-0.57114,0.63685,0.27007,-0.098073,-0.080583,0.0037576
-0.57402,0.46324,0.2085,-0.063452,-0.090137,-0.010263
-0.58754,0.46874,0.23412,-0.080984,-0.095517,-0.013583
-0.66294,0.74745,0.30932,-0.11089,-0.087464,0.0093939
-0.54814,0.37341,0.18706,-0.061711,-0.091468,-0.018578
-0.6498,0.61213,0.29577,-0.094748,-0.0981,-0.013469
-0.43652,0.56282,0.13093,-0.091312,-0.068608,0.008724
-0.54479,0.52634,0.25293,-0.087884,-0.089185,-0.0043497
-0.66714,0.60843,0.35069,-0.10435,-0.09993,-0.012349
-0.51508,0.61123,0.054572,-0.096691,-0.075232,0.001896
-0.45598,0.4392,0.19846,-0.064998,-0.083155,-0.011183
-0.63685,0.68877,0.26076,-0.10597,-0.098913,0.00025691
-0.60445,0.61791,0.26324,-0.10053,-0.084965,-0.00083239
-0.53866,0.44899,0.28508,-0.076996,-0.090571,-0.013854
-0.53737,0.61403,0.35261,-0.095808,-0.080616,0.00062176
-0.59937,0.49793,0.15348,-0.070308,-0.077165,-0.0089637
-0.64074,0.42758,0.26016,-0.071713,-0.097242,-0.016271
-0.67674,0.73425,0.14314,-0.10541,-0.090282,-0.0030946
-0.51514,0.50531,0.13174,-0.087431,-0.082185,-0.00092591
-0.5437,0.42388,0.30494,-0.067321,-0.091433,-0.021848
-0.57506,0.50979,0.30253,-0.089993,-0.085902,-0.0060654
-0.55565,0.48466,0.30669,-0.092255,-0.087695,0.0015611
-0.53772,0.34686,0.098787,-0.060719,-0.081677,-0.019824
-0.606,0.57443,0.42366,-0.097683,-0.088741,-0.0011448
-0.55557,0.50686,0.2537,-0.085278,-0.088397,-0.0037368
-0.57793,0.37397,0.28314,-0.065471,-0.087347,-0.017628
-0.67284,0.61381,0.32495,-0.10057,-0.092894,-0.0031364
-0.61329,0.41397,0.22278,-0.079945,-0.087666,-0.011088
-0.63697,0.36799,0.36874,-0.066889,-0.095888,-0.026313
-0.50613,0.50442,0.3865,-0.090483,-0.074981,-0.00089644
-0.63554,0.41908,0.2317,-0.070212,-0.096805,-0.01695
-0.62718,0.59979,0.18769,-0.090709,-0.088221,-0.013253
-0.54067,0.60047,0.05445,-0.10411,-0.077085,0.012272
-0.50969,0.36233,0.29465,-0.064298,-0.089731,-0.018496
-0.61175,0.63853,0.34054,-0.098564,-0.095113,-0.010057
-0.52046,0.47273,0.20431,-0.081361,-0.079401,-0.0021759
-0.63238,0.44513,0.19782,-0.0768,-0.09498,-0.015454
-0.57037,0.64833,0.32588,-0.10348,-0.089841,-0.007004
-0.51062,0.45317,0.018209,-0.071348,-0.071751,-0.013393
-0.57704,0.4704,0.30217,-0.07452,-0.087709,-0.0097695
-0.66289,0.76038,0.21199,-0.10543,-0.093725,-0.0027139
-0.43636,0.45066,0.10616,-0.077833,-0.069942,-0.0018957
-0.59309,0.49387,0.31053,-0.079995,-0.09916,-0.023204
-0.59356,0.51882,0.33111,-0.094146,-0.094307,-0.0057943
-0.57191,0.36158,0.2517,-0.065686,-0.096981,-0.013421
-0.58823,0.65081,0.14662,-0.10147,-0.088294,-0.0041302
-0.54505,0.61286,0.32887,-0.10098,-0.078187,0.0029921
-0.50374,0.38923,0.2958,-0.070859,-0.088731,-0.010597
-0.61413,0.46272,0.37651,-0.078348,-0.096522,-0.017703
-0.53363,0.48286,0.27049,-0.07594,-0.085704,-0.0081494
-0.54828,0.53864,0.25317,-0.090372,-0.087433,0.007214
-0.61236,0.61201,0.28187,-0.097492,-0.094556,-0.0098076
-0.568,0.50925,0.28405,-0.082195,-0.083993,-0.0038289
-0.561,0.52925,0.21225,-0.083784,-0.086885,-0.00091556
-0.52464,0.66785,0.37821,-0.1071,-0.088409,0.0001702
-0.57498,0.51376,0.25645,-0.075588,-0.086151,-0.016636
-0.59778,0.46277,0.3569,-0.080802,-0.090691,-0.0063094
-0.50127,0.50822,0.27316,-0.085228,-0.085285,-0.0036979
-0.6047,0.41862,0.24076,-0.075316,-0.095269,-0.018776
-0.54961,0.59,0.21496,-0.098522,-0.075951,0.011851
-0.6072,0.48398,0.24027,-0.080648,-0.097015,-0.0083229
-0.61924,0.44406,0.38807,-0.087204,-0.10482,-0.023223
-0.608,0.56659,0.29709,-0.087081,-0.080954,0.0010766
-0.60908,0.54551,0.2447,-0.07856,-0.095779,-0.01488
-0.58808,0.67563,0.36282,-0.10865,-0.089527,-0.0069213
-0.50797,0.67335,0.22419,-0.10239,-0.073419,0.0085614
-0.65623,0.48077,0.238,-0.066376,-0.10169,-0.024256
-0.51719,0.58631,0.47648,-0.097988,-0.089978,-0.0059825
-0.51392,0.58444,0.21274,-0.093866,-0.072519,0.0033582
-0.61488,0.45631,0.30261,-0.072049,-0.095638,-0.021382
-0.67383,0.69712,0.35533,-0.10435,-0.10402,-0.0062943
-0.51539,0.6212,0.089567,-0.083822,-0.078359,0.001722
-0.6479,0.58392,0.19258,-0.087296,-0.091978,-0.01734
-0.5168,0.80584,0.35973,-0.12007,-0.079322,0.014552
-0.50775,0.6145,0.2481,-0.093706,-0.086896,-0.0029439
-0.57076,0.50387,0.28614,-0.077772,-0.094529,-0.016378
-0.5641,0.7166,0.41526,-0.10841,-0.08644,0.0014352
-0.57286,0.60398,0.24249,-0.090884,-0.091205,-0.0066077
-0.5946,0.46741,0.27369,-0.077313,-0.08966,-0.012574
-0.55029,0.60714,0.30778,-0.10282,-0.079431,0.0041566
-0.55007,0.5181,0.17496,-0.083006,-0.088161,-0.0031191
-0.49767,0.41714,0.24959,-0.068165,-0.09088,-0.013796
-0.59301,0.5409,0.39053,-0.089903,-0.091376,-0.0046242
-0.5018,0.53473,0.23189,-0.083645,-0.082697,-0.0013201
-0.62496,0.47984,0.14213,-0.072657,-0.089267,-0.019775
-0.52294,0.53357,0.30976,-0.081297,-0.080838,0.0012367
-0.54605,0.45546,0.16047,-0.071553,-0.080963,-0.0039824
-0.5519,0.47842,0.22031,-0.078122,-0.084873,-0.008296
-0.54216,0.56215,0.20551,-0.096323,-0.085323,0.00073741
-0.5337,0.45856,0.2437,-0.074443,-0.086948,-0.010588
-0.57592,0.40911,0.29072,-0.074468,-0.095743,-0.018786
-0.47896,0.6136,0.22853,-0.09691,-0.074223,0.0069565
-0.49177,0.5111,0.26017,-0.079371,-0.083433,-0.010264
-0.63347,0.63141,0.35976,-0.095691,-0.093266,-0.0079295
-0.50722,0.55938,0.212,-0.092393,-0.072709,0.0057896
-0.55881,0.33469,0.21041,-0.063567,-0.095797,-0.023153
-0.64363,0.56624,0.3978,-0.098522,-0.095019,-0.0057975
-0.58765,0.64096,0.1912,-0.094623,-0.079863,0.0052239
-0.56124,0.36254,0.24494,-0.061566,-0.093387,-0.02989
-0.51762,0.60817,0.24325,-0.095237,-0.086633,0.0030781
-0.52882,0.45524,0.29792,-0.081661,-0.086346,-0.0075189
-0.6393,0.45916,0.22798,-0.069394,-0.087185,-0.013674
-0.64137,0.6915,0.32835,-0.10124,-0.085398,0.0027998
-0.56558,0.45017,0.24862,-0.080765,-0.090472,-0.0064537
-0.53739,0.41139,0.27851,-0.073068,-0.09228,-0.015243
-0.48702,0.51337,0.23805,-0.088914,-0.080201,0.0010856
-0.58964,0.44874,0.17823,-0.070969,-0.087924,-0.013567
-0.61535,0.55848,0.28558,-0.087559,-0.084589,-0.0099782
-0.56133,0.56294,0.26085,-0.08505,-0.086029,-0.0013827
-0.63842,0.3248,0.27056,-0.054641,-0.095864,-0.019481
-0.62273,0.65073,0.36327,-0.10275,-0.092981,-0.0033263
-0.5453,0.48526,0.29318,-0.089903,-0.079887,-0.0070953
-0.5593,0.4984,0.1774,-0.095076,-0.085014,0.00056697
-0.55421,0.59283,0.24315,-0.092185,-0.086291,-0.0087388
-0.61301,0.46909,0.17606,-0.087545,-0.087159,-0.020228
-0.54769,0.46185,0.26049,-0.081205,-0.084547,-0.010632
-0.53071,0.53767,0.13714,-0.088084,-0.081373,0.0041285
-0.68403,0.3994,0.19301,-0.062543,-0.093099,-0.027987
-0.59947,0.59507,0.2728,-0.096656,-0.080595,0.0015412
-0.58317,0.57142,0.1649,-0.09788,-0.082975,0.00076252
-0.50671,0.3957,0.15846,-0.066448,-0.071589,-0.026111
-0.49825,0.61335,0.22477,-0.10098,-0.079645,0.0108
-0.55386,0.43641,0.21504,-0.076956,-0.093604,-0.011844
-0.61604,0.47265,0.17648,-0.07178,-0.087726,-0.025986
-0.60254,0.65537,0.26065,-0.11269,-0.078438,0.0081117
-0.62175,0.49361,0.2776,-0.081085,-0.0967,-0.019632
-0.53185,0.43948,0.19868,-0.078955,-0.087774,-0.01861
-0.57946,0.60042,0.2502,-0.097857,-0.085373,0.005555
-0.6355,0.5345,0.2168,-0.093508,-0.093977,-0.011796
-0.63812,0.55025,0.29602,-0.094106,-0.09843,-0.012068
-0.48783,0.50322,0.23147,-0.088869,-0.071708,-0.0046229
-0.58629,0.38992,0.22784,-0.065388,-0.096071,-0.022097
-0.60746,0.59649,0.35537,-0.098224,-0.088501,-0.0031276
-0.55194,0.50234,0.11218,-0.080136,-0.071551,0.0011084
-0.56421,0.4006,0.3349,-0.072563,-0.098034,-0.023711
-0.62504,0.63893,0.51197,-0.10429,-0.097641,-0.0040021
-0.60444,0.56656,0.26578,-0.08493,-0.092183,-0.00742
-0.59622,0.50523,0.207,-0.089071,-0.091201,-0.0091835
-0.66691,0.64407,0.36003,-0.11073,-0.097201,-0.0024762
-0.63495,0.52335,0.25751,-0.088324,-0.091293,-0.010823
-0.54375,0.47563,0.17234,-0.075177,-0.07938,-0.0094381
-0.62095,0.69348,0.41363,-0.099025,-0.093421,-0.0035058
-0.60515,0.61267,0.312,-0.095501,-0.088363,0.0034309
-0.57533,0.54337,0.24773,-0.085486,-0.086547,-0.010424
-0.52764,0.70882,0.29335,-0.1039,-0.075923,-0.0065398
-0.51064,0.59182,0.36324,-0.095883,-0.088564,0.0013036
-0.62269,0.56031,0.23031,-0.08617,-0.084467,-0.014873
-0.58952,0.71008,0.24611,-0.1063,-0.081366,0.0036585
-0.59115,0.63668,0.34217,-0.10376,-0.089747,-0.0021315
-0.57464,0.44679,0.13653,-0.072059,-0.082569,-0.025661
-0.57077,0.53058,0.17472,-0.08212,-0.080568,-0.0038111
-0.59961,0.53096,0.38677,-0.088064,-0.09287,-0.011752
-0.60215,0.56116,0.32929,-0.089778,-0.092191,-0.015929
-0.54313,0.73537,0.11031,-0.10855,-0.07327,0.011099
-0.58091,0.39979,0.21136,-0.067932,-0.09296,-0.014937
-0.67868,0.49288,0.18357,-0.075725,-0.0959,-0.023546
-0.59507,0.55059,0.26555,-0.084729,-0.081289,0.0054776
-0.62548,0.36771,0.2007,-0.065567,-0.098175,-0.024964
-0.61485,0.59105,0.35318,-0.10103,-0.09541,-0.00041632
-0.51899,0.44067,0.19762,-0.081025,-0.084032,-0.0050322
-0.61462,0.27552,0.1928,-0.058511,-0.093657,-0.022574
-0.63134,0.45366,0.37085,-0.089877,-0.092556,-0.0027602
-0.51521,0.51495,0.14868,-0.091373,-0.073014,-0.00080186
-0.60018,0.35634,0.12718,-0.059814,-0.087356,-0.017059
-0.60135,0.51581,0.23182,-0.09394,-0.091579,-0.0053141
-0.50564,0.46212,0.25731,-0.077099,-0.084357,-0.0038555
-0.52494,0.44646,0.24968,-0.071308,-0.084854,-0.017286
-0.50704,0.6159,0.25917,-0.10329,-0.078839,0.0026578
-0.4389,0.42882,0.16458,-0.072443,-0.076924,-0.01003
-0.55344,0.44287,0.26484,-0.078896,-0.085668,-0.014885
-0.5991,0.70274,0.1573,-0.091835,-0.082384,-0.0020241
-0.55524,0.59215,0.31564,-0.098267,-0.092475,-0.0019785
-0.56703,0.57844,0.27673,-0.087767,-0.082518,-0.012168
-0.43242,0.57291,0.25108,-0.089616,-0.071519,-0.0062135
-0.56643,0.64961,0.35645,-0.10693,-0.082323,0.0024041
-0.62441,0.40591,0.24636,-0.074267,-0.095609,-0.011944
-0.64554,0.48414,0.23565,-0.082722,-0.094162,-0.017353
-0.56011,0.57598,0.1285,-0.092656,-0.083387,-0.0006895
-0.53583,0.495,0.2827,-0.083461,-0.091246,-0.0011225
-0.65409,0.62095,0.3205,-0.10336,-0.10261,-0.010835
-0.52002,0.66573,0.12948,-0.096146,-0.07188,0.0062154
-0.46968,0.50681,0.12676,-0.076826,-0.079622,-0.0022868
-0.59643,0.64525,0.37149,-0.096035,-0.091338,-0.01123
-0.54387,0.62005,0.086053,-0.086953,-0.07706,0.0046738
-0.60427,0.45554,0.32102,-0.083663,-0.094493,-0.012201
-0.63243,0.61087,0.32552,-0.087985,-0.09383,-0.01054
-0.54774,0.48221,0.19758,-0.070568,-0.08465,-9.035e-05
-0.60659,0.34138,0.33804,-0.067453,-0.10016,-0.023811
-0.6494,0.65478,0.38528,-0.105,-0.098081,-0.007076
-0.4302,0.54485,0.1361,-0.08726,-0.070623,0.0044263
-0.56809,0.38918,0.19148,-0.064076,-0.090991,-0.026514
-0.64224,0.60833,0.35679,-0.10011,-0.081301,0.0062048
-0.60836,0.446,0.20057,-0.070718,-0.088052,-0.0031906
-0.60752,0.4882,0.27547,-0.073723,-0.09281,-0.026886
-0.44898,0.60494,0.17105,-0.094008,-0.077938,0.0069148
-0.5652,0.44118,0.30263,-0.080233,-0.093277,-0.012018
-0.56961,0.42207,0.43043,-0.071073,-0.093328,-0.019597
-0.60532,0.61647,0.22571,-0.091354,-0.088436,0.0020125
-0.55587,0.53151,0.30166,-0.09115,-0.090456,-0.0051805
-0.56577,0.49119,0.16444,-0.07448,-0.081057,-0.011931
-0.50673,0.57848,0.38575,-0.095838,-0.087291,-0.0024421
-0.57983,0.38602,0.3902,-0.071483,-0.10479,-0.016252
-0.65374,0.6529,0.1645,-0.093598,-0.090682,-0.01083
-0.54996,0.65284,0.16667,-0.10014,-0.078454,0.0084993
-0.55151,0.46018,0.26298,-0.080183,-0.088638,-0.01289
-0.63729,0.67645,0.34091,-0.10597,-0.088029,-0.0028132
-0.54332,0.50471,0.20283,-0.084731,-0.079988,-0.0025856
-0.59769,0.5558,0.13262,-0.089024,-0.086167,-0.0036776
-0.54662,0.59838,0.26725,-0.096374,-0.09572,-0.015749
-0.46554,0.51359,0.11859,-0.085976,-0.068289,0.0022102
-0.59072,0.39161,0.36001,-0.072127,-0.096226,-0.017314
-0.69858,0.66446,0.35674,-0.10649,-0.10228,-0.0090788
-0.49617,0.58566,0.2163,-0.089382,-0.07359,0.001026
-0.59496,0.51626,0.27901,-0.071762,-0.089109,-0.018106
-0.62858,0.56858,0.10624,-0.096471,-0.099024,-0.010628
-0.53209,0.3763,0.19561,-0.072646,-0.080173,-0.010705
-0.56334,0.5673,0.30459,-0.08899,-0.087922,-0.0092694
-0.5265,0.59696,0.26105,-0.097589,-0.080861,0.0038312
-0.54167,0.55001,0.31488,-0.093519,-0.082792,0.0010898
-0.50534,0.4343,0.24949,-0.071272,-0.079974,-0.01746
-0.54933,0.59532,0.28506,-0.0949,-0.080785,-0.00069117
-0.52989,0.50481,0.20301,-0.081303,-0.081524,-0.00068576
-0.61261,0.54948,0.26648,-0.079176,-0.091343,-0.018846
-0.41224,0.53042,0.24662,-0.083797,-0.069693,0.0038841
-0.49527,0.47489,0.36602,-0.083551,-0.086068,-0.0074925
-0.58597,0.47317,0.33144,-0.07028,-0.095111,-0.019672
-0.58462,0.55714,0.35905,-0.093403,-0.080978,0.0078985
-0.56734,0.58422,0.37983,-0.097396,-0.092822,-0.0082203
-0.56521,0.51117,0.24391,-0.078054,-0.083765,-0.014552
-0.52563,0.51618,0.25773,-0.08853,-0.080304,0.0012584
-0.66312,0.54464,0.25619,-0.080685,-0.091754,-0.019051
-0.56309,0.56694,0.33382,-0.088653,-0.087332,-0.0086222
-0.46445,0.62456,0.31548,-0.094316,-0.065653,0.0095359
-0.614,0.49351,0.19585,-0.078468,-0.088211,-0.015656
-0.57827,0.53899,0.21717,-0.091484,-0.078254,0.00018837
-0.54468,0.53068,0.31079,-0.091842,-0.090304,-0.0044911
-0.72019,0.56371,0.35584,-0.090346,-0.10533,-0.024022
-0.53913,0.40172,0.28817,-0.07442,-0.08249,-0.0032114
-0.6435,0.46647,0.20403,-0.072545,-0.096569,-0.022034
-0.62774,0.64581,0.28367,-0.10296,-0.085366,-0.0037042
-0.52549,0.44149,0.20591,-0.085771,-0.084606,-0.0053534
-0.55383,0.37516,0.1775,-0.067504,-0.086326,-0.023048
-0.53884,0.58304,0.43528,-0.087938,-0.080956,-0.013307
-0.52783,0.45352,0.36627,-0.095294,-0.088906,0.00035407
-0.68303,0.45423,0.2135,-0.076579,-0.098192,-0.02327
-0.54708,0.53829,0.23068,-0.089703,-0.085137,-0.0027453
-0.45719,0.50956,0.23842,-0.088351,-0.073778,1.2582e-05
-0.57071,0.44899,0.21808,-0.066837,-0.08608,-0.025848
-0.5555,0.51681,0.23463,-0.08894,-0.075054,0.0048162
-0.59815,0.51107,0.36253,-0.089893,-0.093671,-0.0059139
-0.64104,0.58263,0.19034,-0.092475,-0.086724,-0.017833
-0.40258,0.53552,0.12943,-0.086426,-0.074206,0.015046
-0.61944,0.51423,0.43693,-0.082903,-0.10045,-0.022333
-0.54654,0.60913,0.36674,-0.099236,-0.089483,-0.0057375
-0.54708,0.67241,0.17228,-0.1062,-0.075045,0.010203
-0.64621,0.48183,0.36821,-0.08407,-0.09492,-0.02378
-0.59312,0.5621,0.25466,-0.094581,-0.089161,-0.011327
-0.48421,0.52114,0.21861,-0.081338,-0.07047,0.0031216
-0.61216,0.489,0.30882,-0.082536,-0.095722,-0.022684
-0.63598,0.66036,0.21639,-0.10022,-0.090954,-0.0042452
-0.56091,0.48799,0.17906,-0.08069,-0.080276,-0.0082126
-0.54819,0.54369,0.27996,-0.072836,-0.084809,-0.021163
-0.60641,0.63453,0.2596,-0.10588,-0.092534,0.0021431
-0.52092,0.47057,0.16848,-0.06676,-0.078657,-0.013186
-0.63878,0.58661,0.35915,-0.092657,-0.090845,-0.0048496
-0.52653,0.58929,0.27641,-0.096018,-0.083482,-0.0024133
-0.58606,0.56178,0.040984,-0.081818,-0.08118,0.0032537
-0.53709,0.44741,0.20107,-0.07165,-0.084781,-0.018596
-0.56877,0.68962,0.18626,-0.10679,-0.079488,0.0044059
-0.52726,0.51387,0.17052,-0.081509,-0.07504,0.0020001
-0.59638,0.3831,0.12079,-0.066298,-0.091908,-0.025336
-0.48508,0.45307,0.2361,-0.083081,-0.084958,-0.0047639
-0.57888,0.42813,0.35095,-0.07948,-0.096332,-0.0094028
-0.61819,0.56049,0.20729,-0.088501,-0.091845,-0.010398
-0.54771,0.44699,0.28775,-0.077164,-0.079253,-0.0056247
-0.56131,0.45904,0.25148,-0.07548,-0.086488,-0.0083665
-0.57877,0.49597,0.25818,-0.079334,-0.093161,-0.019634
-0.59965,0.45051,0.21109,-0.075462,-0.080232,0.0058179
-0.57759,0.48716,0.20657,-0.087417,-0.092847,-0.006985
-0.65114,0.55545,0.2108,-0.091641,-0.097599,-0.016103
-0.49978,0.55612,0.25257,-0.092416,-0.076043,0.0048883
-0.57017,0.41646,0.37317,-0.073907,-0.096866,-0.023266
-0.63115,0.54052,0.30632,-0.091253,-0.098831,-0.010807
-0.47502,0.68751,0.17913,-0.10719,-0.072699,0.013364
-0.54323,0.58402,0.13359,-0.082594,-0.077835,-0.017105
-0.63687,0.51379,0.38735,-0.08473,-0.093854,-0.010302
-0.60641,0.50638,0.21719,-0.0843,-0.089442,-0.0073303
-0.69623,0.46638,0.35345,-0.082394,-0.10011,-0.015002
-0.63279,0.60563,0.37011,-0.1021,-0.091793,0.0020229
-0.61624,0.51445,0.23957,-0.086443,-0.094928,-0.011521
-0.64627,0.40564,0.23316,-0.060608,-0.098921,-0.026952
-0.59808,0.66825,0.42624,-0.11215,-0.098316,0.00064892
-0.57732,0.52048,0.13612,-0.085411,-0.082573,-0.0063598
-0.55457,0.48421,0.25905,-0.084454,-0.083731,-0.011016
-0.48254,0.4527,0.1718,-0.083609,-0.067794,-0.00067849
-0.54895,0.43399,0.2467,-0.081466,-0.087143,-0.018117
-0.62531,0.5506,0.26113,-0.09454,-0.088613,-0.006467
-0.58849,0.57423,0.11937,-0.089337,-0.080807,-0.00034386
-0.5993,0.52132,0.26068,-0.080507,-0.091628,-0.010794
-0.60391,0.57843,0.21587,-0.087452,-0.085833,-0.0093166
-0.58342,0.56293,0.10305,-0.082469,-0.077675,-0.0016054
-0.60931,0.60678,0.25495,-0.094582,-0.090532,-0.012511
-0.56775,0.61482,0.22936,-0.10124,-0.08623,-0.0087425
-0.37699,0.59492,0.21822,-0.090145,-0.071712,0.011524
-0.49311,0.57608,0.21817,-0.086401,-0.08543,-0.0117
-0.54261,0.55845,0.21741,-0.081762,-0.082585,-0.0082875
-0.52132,0.72051,0.30632,-0.11113,-0.079441,0.013106
-0.63153,0.55099,0.25569,-0.085621,-0.091817,-0.021114
-0.53964,0.55627,0.27728,-0.097135,-0.081422,-0.0038884
-0.53176,0.42785,0.35624,-0.084272,-0.091001,-0.0063421
-0.67404,0.53133,0.23415,-0.080588,-0.098085,-0.028353
-0.58758,0.58278,0.29951,-0.1037,-0.084331,0.0026242
-0.59757,0.51439,0.34171,-0.096585,-0.099135,-0.0072936
-0.67926,0.49247,0.17279,-0.075077,-0.093915,-0.022225
-0.45439,0.38691,0.3104,-0.075746,-0.07712,-0.0077312
-0.65389,0.58793,0.31039,-0.097353,-0.098362,-0.0071759
-0.59116,0.39354,0.21992,-0.081007,-0.093355,-0.020109
-0.48133,0.47761,0.26502,-0.094891,-0.07256,0.0011014
-0.61104,0.40887,0.23174,-0.077237,-0.096104,-0.020705
-0.65848,0.47276,0.2748,-0.077521,-0.095907,-0.013528
-0.6376,0.49937,0.33027,-0.084476,-0.087497,-6.7182e-05
-0.66793,0.43262,0.12589,-0.075398,-0.096814,-0.024113
-0.62005,0.49762,0.21742,-0.095024,-0.093161,-0.012797
-0.57295,0.50253,0.10325,-0.079704,-0.083934,0.0019247
-0.54869,0.33269,0.21802,-0.064992,-0.093232,-0.021105
-0.6311,0.53373,0.35088,-0.097528,-0.099124,-0.00732
-0.57466,0.46396,0.019118,-0.087759,-0.082091,-0.0086075
-0.6738,0.43492,0.19773,-0.078787,-0.092237,-0.016731
-0.61094,0.45117,0.33081,-0.088177,-0.095671,-0.014295
-0.63023,0.43324,0.12042,-0.070695,-0.087029,-0.015329
-0.60384,0.38345,0.13709,-0.06838,-0.087341,-0.022396
-0.62455,0.50292,0.19486,-0.099059,-0.086667,-0.012221
-0.57823,0.51865,0.29807,-0.085653,-0.091044,-0.010643
-0.58416,0.36733,0.15852,-0.065627,-0.091205,-0.022237
-0.67596,0.65549,0.18548,-0.088466,-0.087665,-0.010324
-0.64012,0.51945,0.25139,-0.090835,-0.089337,-0.0038818
-0.58476,0.51332,0.19379,-0.083825,-0.083449,-0.016824
-0.56605,0.45059,0.23071,-0.085562,-0.085275,-0.012492
-0.59907,0.45496,0.19801,-0.081717,-0.091077,-0.0053349
-0.58808,0.38426,0.12277,-0.065286,-0.089894,-0.014067
-0.54672,0.53019,0.22954,-0.08862,-0.074482,-0.002061
-0.63596,0.48542,0.11023,-0.080433,-0.086684,-0.0076037
-0.5784,0.48958,0.098969,-0.083071,-0.081239,-0.0079149
-0.61953,0.52245,0.1384,-0.080268,-0.084645,-0.006543
-0.53593,0.42833,0.18054,-0.073522,-0.080401,-0.0049953
-0.64271,0.64818,0.23455,-0.1029,-0.089383,-0.0034957
-0.46244,0.51424,0.20885,-0.083516,-0.071345,0.0021003
-0.58387,0.41957,0.23931,-0.071257,-0.088669,-0.015531
-0.68782,0.57186,0.26515,-0.095015,-0.099634,-0.011215
-0.48761,0.59261,0.13014,-0.092979,-0.077472,0.0095478
-0.46888,0.64243,0.18595,-0.095195,-0.077063,-0.0017494
-0.55973,0.64879,0.28619,-0.10246,-0.088719,-0.0063436
-0.52447,0.50355,0.25413,-0.080965,-0.081455,-0.0029203
-0.57825,0.49453,0.25572,-0.074987,-0.089063,-0.014426
-0.55087,0.53225,0.38807,-0.093848,-0.088136,-0.0035757
-0.58474,0.5926,0.21314,-0.09607,-0.077391,0.0020137
-0.65475,0.40295,0.22315,-0.062749,-0.09554,-0.028428
-0.5987,0.53374,0.12085,-0.088884,-0.082994,-0.00098103
-0.54513,0.53861,0.21225,-0.088724,-0.079469,-0.0049575
-0.56159,0.49371,0.16349,-0.077154,-0.079927,-0.012296
-0.66487,0.59169,0.31687,-0.095612,-0.094749,-0.0021363
-0.5487,0.59597,0.28127,-0.08941,-0.082479,-0.0059389
-0.5426,0.49293,0.21006,-0.078495,-0.081905,-0.0087271
-0.61982,0.75741,0.41001,-0.11298,-0.086233,0.0052331
-0.50364,0.53814,0.28776,-0.087672,-0.079016,0.00055028
-0.54726,0.41966,0.19708,-0.078736,-0.088619,-0.015726
-0.55422,0.63533,0.34546,-0.10318,-0.08068,0.0060997
-0.64211,0.49211,0.32025,-0.082432,-0.10488,-0.009693
-0.64789,0.50778,0.25094,-0.085898,-0.098571,-0.012673
-0.6052,0.6236,0.29245,-0.10421,-0.075993,-0.003814
-0.56995,0.38832,0.27753,-0.074287,-0.093908,-0.013878
-0.62301,0.50758,0.29219,-0.08827,-0.095752,-0.016798
-0.58735,0.52984,0.22163,-0.086893,-0.081691,-0.0028241
-0.58412,0.44919,0.28392,-0.072313,-0.084835,-0.010675
-0.55972,0.56409,0.29997,-0.098937,-0.088458,-0.008101
-0.56235,0.43655,0.29017,-0.08074,-0.0872,-0.0095344
-0.56598,0.27646,0.24541,-0.060465,-0.093963,-0.028039
-0.67068,0.73696,0.32597,-0.11515,-0.091625,-0.0015644
-0.48965,0.4459,0.1841,-0.083347,-0.076152,-0.0024866
-0.60985,0.37547,0.1783,-0.067791,-0.096314,-0.022895
-0.61585,0.70186,0.30879,-0.10771,-0.096182,0.00051646
-0.52088,0.55242,0.25969,-0.092184,-0.075748,0.0088542
-0.58734,0.64179,0.23984,-0.098979,-0.080052,-0.009943
-0.58509,0.61129,0.21376,-0.093783,-0.092673,-0.0094176
-0.49048,0.5511,0.14433,-0.090541,-0.073537,0.0051177
-0.58962,0.46787,0.22797,-0.077621,-0.092367,-0.017425
-0.61661,0.61768,0.26937,-0.10109,-0.09776,-0.0077338
-0.5971,0.67514,0.22539,-0.097253,-0.080343,0.010542
-0.43689,0.5553,0.13381,-0.079443,-0.076182,-0.015082
-0.51103,0.55285,0.25685,-0.094488,-0.08053,-0.0014929
-0.57159,0.54546,0.25917,-0.08858,-0.079233,-0.0016852
-0.60348,0.45726,0.30952,-0.080912,-0.090633,-0.022883
-0.55059,0.62099,0.15828,-0.097483,-0.076531,0.0082567
-0.57953,0.58874,0.25741,-0.092645,-0.086667,-0.0012202
-0.5755,0.49527,0.23039,-0.080722,-0.092048,-0.023119
-0.5669,0.64246,0.26624,-0.10341,-0.079405,0.0058986
-0.59707,0.49718,0.32345,-0.089182,-0.0959,-0.005466
-0.71535,0.57443,0.25529,-0.095987,-0.10117,-0.011655
-0.44949,0.61103,0.14512,-0.098754,-0.066764,0.011071
-0.53738,0.42464,0.26771,-0.071763,-0.090898,-0.01374
-0.62619,0.65777,0.40973,-0.10967,-0.096596,-0.016453
-0.44939,0.43667,0.1738,-0.077172,-0.063909,-0.00013541
-0.56386,0.4002,0.30037,-0.078448,-0.090241,-0.021293
-0.56587,0.51801,0.24789,-0.094284,-0.082675,-0.0017153
-0.49494,0.3701,0.15172,-0.071823,-0.073709,-0.0049007
-0.64206,0.40062,0.19684,-0.068247,-0.097715,-0.021844
-0.61052,0.62827,0.38695,-0.10971,-0.094941,0.0019805
-0.48459,0.37987,0.079735,-0.064792,-0.073676,-0.011052
-0.55244,0.51054,0.19024,-0.084591,-0.079419,-0.012777
-0.62281,0.55589,0.32022,-0.095047,-0.092207,-0.0060496
-0.59524,0.48216,0.15514,-0.086234,-0.089693,-0.0038957
-0.59475,0.50339,0.22229,-0.087427,-0.086733,-0.016518
-0.50124,0.6064,0.26593,-0.10039,-0.082014,-0.0045014
-0.5821,0.42275,0.16282,-0.076732,-0.081894,-0.0093556
-0.72506,0.48463,0.22755,-0.086751,-0.10575,-0.020434
-0.58622,0.49957,0.21669,-0.08718,-0.0875,-0.0083262
-0.49907,0.78166,0.17841,-0.11524,-0.075524,0.0083438
-0.53224,0.42867,0.21059,-0.076818,-0.08682,-0.020205
-0.6343,0.61271,0.34793,-0.10629,-0.098268,-0.009837
-0.55189,0.60627,0.24271,-0.099121,-0.078088,0.00031944
-0.5878,0.52823,0.23714,-0.089247,-0.086623,-0.011189
-0.56876,0.67342,0.29953,-0.10844,-0.082253,-0.0022148
-0.6303,0.46184,0.11127,-0.081967,-0.088601,-0.0090815
-0.54735,0.39737,0.26426,-0.066307,-0.08407,-0.020253
-0.72492,0.61378,0.33473,-0.10088,-0.097085,-0.01646
-0.51514,0.62849,0.2088,-0.096979,-0.070023,0.0058289
-0.49659,0.2598,0.084837,-0.056918,-0.077039,-0.02463
-0.62899,0.60181,0.29045,-0.10392,-0.090884,0.0018913
-0.59738,0.37219,0.33193,-0.075377,-0.090873,-0.0078782
-0.59327,0.52214,0.25993,-0.085297,-0.085771,-0.013291
-0.50526,0.67982,0.2221,-0.11346,-0.07511,0.0055374
-0.49488,0.49092,0.18965,-0.078214,-0.077269,-0.0082325
-0.63722,0.62494,0.25698,-0.097214,-0.094008,-0.0167
-0.56186,0.56575,0.1144,-0.080693,-0.076019,-0.0029693
-0.56478,0.44256,0.31799,-0.082938,-0.092437,-0.0075203
-0.58302,0.62873,0.33616,-0.10361,-0.087392,-0.0076411
-0.55107,0.65063,0.21885,-0.096792,-0.075312,0.0059673
-0.55207,0.32459,0.32285,-0.064146,-0.091749,-0.015397
-0.64754,0.5729,0.37179,-0.096034,-0.089638,-0.010497
-0.64278,0.54911,0.26525,-0.092282,-0.081291,0.0016734
-0.57465,0.4857,0.34526,-0.088805,-0.087339,-0.0091838
-0.75694,0.64596,0.27414,-0.099505,-0.098718,-0.014336
-0.51304,0.40433,0.28307,-0.075,-0.083499,-0.010043
-0.61985,0.57855,0.33923,-0.10269,-0.092551,-0.0096358
-0.61994,0.54532,0.34567,-0.097632,-0.093264,-0.015047
-0.54592,0.45618,0.20693,-0.081437,-0.075878,-0.0061404
-0.58703,0.44561,0.29231,-0.072358,-0.085999,-0.022186
-0.6685,0.56619,0.1755,-0.094184,-0.094766,-0.010282
-0.5371,0.4787,0.31679,-0.097836,-0.085288,-0.0020195
-0.60827,0.50783,0.11605,-0.083988,-0.083725,-0.018572
-0.62619,0.50299,0.37638,-0.094792,-0.099717,-0.013116
-0.5414,0.49494,0.18262,-0.088652,-0.086124,-0.0029199
-0.64398,0.41228,0.27443,-0.062844,-0.09558,-0.031325
-0.60896,0.6188,0.22189,-0.10018,-0.085852,0.0020418
-0.54208,0.58767,0.24374,-0.099128,-0.086046,0.00054352
-0.57273,0.4304,0.15417,-0.070051,-0.082439,-0.021273
-0.39839,0.5138,0.23612,-0.085566,-0.065652,0.0035413
-0.56739,0.49224,0.27892,-0.084558,-0.090346,-0.0104
-0.64625,0.60536,0.28796,-0.093896,-0.095639,-0.016124
-0.53799,0.64515,0.27852,-0.10304,-0.075085,0.015875
-0.56649,0.40236,0.22969,-0.071287,-0.090073,-0.015276
-0.64908,0.45607,0.25752,-0.076208,-0.093993,-0.016178
-0.5163,0.541,0.13992,-0.091895,-0.065205,0.0093878
-0.58368,0.39219,0.35089,-0.080616,-0.096092,-0.023045
-0.65115,0.62016,0.18151,-0.096353,-0.094674,-0.007187
-0.59042,0.48476,0.16299,-0.083574,-0.075189,-0.001928
-0.57987,0.44094,0.19267,-0.069761,-0.087794,-0.01912
-0.54412,0.60271,0.28836,-0.10595,-0.0833,0.0026976
-0.58803,0.57158,0.24674,-0.094783,-0.082702,-0.0015678
-0.59892,0.52573,0.27095,-0.088589,-0.088767,-0.016322
-0.58916,0.5911,0.31664,-0.1038,-0.086891,-0.007359
-0.56491,0.45438,0.19799,-0.071202,-0.082349,-0.014644
-0.68971,0.41119,0.30279,-0.075108,-0.10342,-0.021316
-0.68617,0.66999,0.31195,-0.1129,-0.096332,-0.0062066
-0.60287,0.41664,0.095243,-0.074835,-0.085422,-0.0098463
-0.59422,0.54924,0.14435,-0.087152,-0.082328,-0.0057001
-0.68482,0.64495,0.26896,-0.10055,-0.094993,-0.0080443
-0.594,0.66344,0.16985,-0.095838,-0.078691,0.0061198
-0.56626,0.40849,0.23863,-0.069879,-0.079011,-0.015064
-0.54151,0.55463,0.34516,-0.09094,-0.088605,-0.011412
-0.60652,0.41714,0.20669,-0.080589,-0.085804,-0.003091
-0.56755,0.4437,0.25087,-0.077865,-0.0844,-0.02266
-0.5785,0.62062,0.23866,-0.10179,-0.086758,-0.0083051
-0.54123,0.53903,0.1941,-0.085264,-0.085148,-0.004402
-0.66512,0.41328,0.27105,-0.067586,-0.09858,-0.028785
-0.61536,0.61967,0.27051,-0.095688,-0.087181,-0.008069
-0.59347,0.5668,0.19723,-0.09761,-0.08572,-0.0023653
-0.62471,0.38928,0.29755,-0.077653,-0.095824,-0.029771
-0.43954,0.51892,0.14333,-0.090976,-0.064637,0.0056841
-0.59923,0.45038,0.28875,-0.081449,-0.09048,-0.0078001
-0.64432,0.60372,0.22243,-0.096085,-0.087333,-0.0098105
-0.54315,0.5733,0.17654,-0.097947,-0.068817,0.0099103
-0.55194,0.42191,0.41445,-0.083024,-0.089803,-0.018127
-0.54367,0.60633,0.30695,-0.10003,-0.085991,-0.0058973
-0.55283,0.5575,0.25935,-0.09275,-0.078563,0.0092733
-0.56602,0.4568,0.23043,-0.075447,-0.094735,-0.019013
-0.6009,0.7253,0.33746,-0.11065,-0.084594,-0.0020463
-0.50733,0.54937,0.11558,-0.087211,-0.072017,0.005474
-0.55227,0.45477,0.32386,-0.07073,-0.087997,-0.023787
-0.60308,0.5304,0.1607,-0.087582,-0.083698,-0.00058967
-0.5225,0.53768,0.14646,-0.09218,-0.078738,0.0022627
-0.63528,0.51501,0.21813,-0.081075,-0.083925,-0.021816
-0.51191,0.39845,0.23002,-0.07922,-0.086633,-0.0065901
-0.58971,0.44011,0.35083,-0.08335,-0.090094,-0.012616
-0.60222,0.4352,0.27776,-0.075673,-0.087774,-0.017002
-0.68924,0.5818,0.34997,-0.10946,-0.09597,-0.00044293
-0.69407,0.52328,0.10788,-0.086691,-0.095318,-0.0073306
-0.67352,0.37584,0.14153,-0.066412,-0.10359,-0.024983
-0.6169,0.50555,0.35051,-0.09245,-0.090636,-0.0047266
-0.60348,0.39442,0.32779,-0.078889,-0.097029,-0.017352
-0.54038,0.47094,0.20212,-0.084095,-0.081721,-0.014069
-0.5095,0.5757,0.33664,-0.1001,-0.079229,0.0074619
-0.56682,0.44043,0.21196,-0.078957,-0.089705,-0.0093528
-0.6139,0.41425,0.30784,-0.079118,-0.09875,-0.017379
-0.63404,0.59449,0.24841,-0.093961,-0.081054,-0.0043037
-0.61084,0.4599,0.23648,-0.085681,-0.091534,-0.0061398
-0.63718,0.4417,0.22509,-0.089138,-0.09352,-0.019097
-0.54347,0.43172,0.22535,-0.084669,-0.081047,-0.0047132
-0.6059,0.2882,0.2102,-0.059622,-0.088281,-0.020991
-0.72091,0.6093,0.25362,-0.09969,-0.093245,-0.013344
-0.44588,0.54323,0.19237,-0.091108,-0.062481,0.0051986
-0.60767,0.51858,0.24084,-0.082648,-0.088648,-0.012268
-0.6758,0.56952,0.31775,-0.090272,-0.099185,-0.013122
-0.63696,0.62049,0.17506,-0.090685,-0.081392,0.0028951
-0.63214,0.38064,0.29628,-0.071727,-0.096914,-0.024401
-0.67909,0.51929,0.30086,-0.10134,-0.096416,-0.0087495
-0.4864,0.55322,0.20771,-0.089783,-0.072461,-0.00045405
-0.60376,0.45329,0.28975,-0.071882,-0.083823,-0.018893
-0.70717,0.63595,0.33174,-0.096921,-0.10344,-0.0095289
-0.64009,0.6312,0.16754,-0.092417,-0.088817,-0.00041728
-0.55936,0.53334,0.23533,-0.087755,-0.08298,-0.022269
-0.5169,0.57483,0.27999,-0.091514,-0.089719,-0.0036428
-0.59935,0.48448,0.13015,-0.091627,-0.092673,0.00089336
-0.62243,0.35031,0.21931,-0.067355,-0.093879,-0.024658
-0.73354,0.59517,0.27224,-0.099968,-0.099283,-0.010699
-0.49789,0.41791,0.066065,-0.066712,-0.068949,-0.0083818
-0.62636,0.34628,0.28331,-0.071855,-0.095083,-0.019688
-0.66901,0.62264,0.2983,-0.096316,-0.089487,-0.0056766
-0.5862,0.39961,0.35749,-0.085001,-0.085031,-0.0089554
-0.5316,0.45628,0.33429,-0.083637,-0.087472,-0.017885
-0.67994,0.5076,0.2618,-0.085297,-0.09152,-0.014902
-0.50299,0.33305,0.20998,-0.070932,-0.076518,-0.0018133
-0.69659,0.52593,0.24856,-0.092026,-0.094388,-0.013872
-0.50927,0.5439,0.34028,-0.090887,-0.082804,-0.0051579
-0.57154,0.38829,0.31009,-0.077075,-0.087469,-0.0067084
-0.60342,0.39311,0.34696,-0.06936,-0.096795,-0.025145
-0.63282,0.58009,0.29828,-0.095607,-0.083836,-0.0051503
-0.55907,0.48228,0.19083,-0.091684,-0.085288,-0.0021666
-0.62178,0.56595,0.23577,-0.084286,-0.088685,-0.020925
-0.478,0.50005,0.29119,-0.094358,-0.074974,0.0061303
-0.63829,0.43583,0.29687,-0.075644,-0.092082,-0.015502
-0.64325,0.58272,0.18051,-0.096823,-0.095916,-0.018851
-0.51643,0.45921,0.28457,-0.089189,-0.074605,0.0051338
-0.6848,0.51491,0.37504,-0.087424,-0.095927,-0.021994
-0.64728,0.52215,0.11393,-0.085322,-0.092877,-0.015295
-0.55565,0.52373,0.071871,-0.082347,-0.076565,0.0013554
-0.65133,0.53742,0.26008,-0.083591,-0.090382,-0.01231
-0.62877,0.64183,0.28557,-0.11362,-0.085373,0.001686
-0.44531,0.42318,0.14134,-0.080573,-0.062185,0.0019896
-0.58604,0.31046,0.23778,-0.063793,-0.092655,-0.033974
-0.57944,0.59826,0.25528,-0.09921,-0.09013,-0.001505
-0.56839,0.47884,0.20825,-0.079496,-0.084865,-0.0060526
-0.54762,0.61426,0.19123,-0.090102,-0.075966,-0.0061097
-0.49468,0.62936,0.18762,-0.094204,-0.073685,0.0099634
-0.53709,0.41682,0.25128,-0.074706,-0.088868,-0.006331
-0.69655,0.4488,0.23663,-0.077398,-0.099026,-0.014409
-0.51667,0.48524,0.23595,-0.09672,-0.081222,0.00043207
-0.5495,0.51305,0.073657,-0.088308,-0.083177,-0.0031321
-0.51932,0.29275,0.18647,-0.06258,-0.083287,-0.017731
-0.61421,0.51616,0.091377,-0.086656,-0.074383,-0.00098813
-0.58043,0.43547,0.22202,-0.078017,-0.094351,-0.0082957
-0.58881,0.51015,0.12867,-0.082256,-0.08158,-0.0079843
-0.56435,0.54351,0.17721,-0.092101,-0.074217,-0.00020484
-0.58968,0.52012,0.19954,-0.080917,-0.08888,-0.0087509
-0.6336,0.43912,0.21319,-0.084093,-0.094646,-0.013256
-0.60637,0.53297,0.24358,-0.089222,-0.082961,0.0067266
-0.57895,0.55213,0.2963,-0.096508,-0.089225,-0.001307
-0.58763,0.57896,0.14557,-0.093288,-0.080012,-0.011753
-0.50269,0.54399,0.17825,-0.096857,-0.07157,0.0092732
-0.64203,0.41295,0.18899,-0.069394,-0.092907,-0.012514
-0.57936,0.55346,0.24366,-0.092038,-0.091092,-0.0078394
-0.6143,0.66457,0.15855,-0.10435,-0.077919,0.0032494
-0.61028,0.42254,0.192,-0.074638,-0.086458,-0.020746
-0.63094,0.48812,0.32959,-0.09282,-0.092746,-0.016431
-0.55874,0.48434,0.23572,-0.080414,-0.080902,-0.0042526
-0.75574,0.5017,0.17161,-0.079644,-0.099212,-0.022625
-0.63591,0.51875,0.27906,-0.10069,-0.092266,-0.0060586
-0.59336,0.47034,0.078386,-0.082491,-0.08349,-0.0057033
-0.57359,0.361,0.15824,-0.064421,-0.089093,-0.021362
-0.6788,0.4841,0.24041,-0.098436,-0.094714,-0.0049928
-0.57031,0.40147,0.11288,-0.075523,-0.082401,-0.0073449
-0.69349,0.46506,0.19713,-0.084589,-0.091093,-0.019939
-0.64689,0.49461,0.32029,-0.09479,-0.088747,-0.0053138
-0.61757,0.47872,0.20288,-0.079479,-0.090091,-0.011637
-0.61341,0.62222,0.28402,-0.10783,-0.094555,-0.0048883
-0.50101,0.4691,0.15663,-0.082141,-0.077089,-0.0052089
-0.62153,0.50885,0.21471,-0.085258,-0.088923,-0.01838
-0.64979,0.66586,0.35277,-0.10479,-0.095684,-0.0035364
-0.60498,0.58707,0.20519,-0.093122,-0.080341,0.0014746
-0.627,0.54945,0.28137,-0.091109,-0.090644,-0.018748
-0.65659,0.54898,0.20204,-0.09424,-0.093252,-0.0058272
-0.60905,0.44463,0.24042,-0.077848,-0.091702,-0.0070016
-0.63917,0.41986,0.24764,-0.072218,-0.09633,-0.026639
-0.49138,0.61248,0.33137,-0.10646,-0.072984,0.0096178
-0.59518,0.4641,0.26032,-0.089358,-0.087657,-0.00071554
-0.71489,0.45726,0.27125,-0.080231,-0.10155,-0.022784
-0.63978,0.53173,0.30347,-0.094326,-0.08628,0.0034946
-0.64463,0.47068,0.27993,-0.085757,-0.093332,-0.01173
-0.74211,0.43676,0.25426,-0.086862,-0.10241,-0.015949
-0.55519,0.49939,0.19378,-0.083174,-0.078361,-0.0030634
-0.60817,0.36951,0.30324,-0.073655,-0.098816,-0.020784
-0.68898,0.54117,0.24754,-0.091655,-0.096921,-0.012137
-0.56897,0.55357,0.21062,-0.093602,-0.071872,0.0068984
-0.6,0.31971,0.18314,-0.06598,-0.096041,-0.027511
-0.70295,0.54611,0.19502,-0.091972,-0.090853,-0.0090054
-0.60214,0.31612,0.15803,-0.075111,-0.078411,-0.013903
-0.69078,0.36348,0.27839,-0.06974,-0.10175,-0.024927
-0.56862,0.52677,0.30752,-0.095721,-0.087916,-0.002393
-0.64107,0.59844,0.17453,-0.10072,-0.081192,-0.0014451
-0.65346,0.42348,0.14433,-0.072255,-0.089272,-0.021501
-0.66067,0.57395,0.3326,-0.096988,-0.097441,-0.010274
-0.62083,0.62806,0.17391,-0.097621,-0.08463,0.0010859
-0.65823,0.43311,0.089023,-0.075138,-0.089297,-0.015
-0.66855,0.64398,0.29901,-0.10774,-0.091864,0.00079995
-0.57038,0.45417,0.19156,-0.083443,-0.086789,-0.011666
-0.49929,0.44959,0.30102,-0.074356,-0.076454,-0.0092079
-0.53712,0.53407,0.33193,-0.092808,-0.085522,-0.007773
-0.55699,0.61133,0.090656,-0.10076,-0.079735,0.0050491
-0.62471,0.57413,0.27978,-0.090609,-0.083555,-0.017882
-0.5106,0.56053,0.17007,-0.096752,-0.07638,-0.0064843
-0.67428,0.52713,0.26208,-0.091024,-0.088746,-0.0054612
-0.58742,0.38514,0.15031,-0.076169,-0.087388,-0.017528
-0.6661,0.66526,0.3418,-0.112,-0.091463,-0.0066465
-0.51759,0.496,0.17339,-0.084945,-0.077029,-0.0031928
-0.60424,0.42522,0.36548,-0.074737,-0.098256,-0.026821
-0.56107,0.45849,0.12864,-0.083073,-0.081657,-0.0072087
-0.70965,0.50211,0.25425,-0.091885,-0.097253,-0.0070052
-0.67119,0.53892,0.29096,-0.099151,-0.096856,-0.021665
-0.51411,0.54404,0.28247,-0.093414,-0.070964,0.0033815
-0.5224,0.36803,0.14511,-0.076508,-0.090048,-0.0094912
-0.64926,0.56294,0.37511,-0.098204,-0.10028,-0.014448
-0.59407,0.54268,0.1329,-0.09248,-0.078064,0.0068692
-0.70033,0.26807,0.22498,-0.058661,-0.1012,-0.025092
-0.62923,0.55704,0.3782,-0.10011,-0.092574,-0.0070429
-0.50376,0.46855,0.21792,-0.086571,-0.078305,0.0035178
-0.61568,0.45676,0.28768,-0.077511,-0.094739,-0.017461
-0.70913,0.64416,0.37102,-0.10741,-0.089951,-0.0034605
-0.49347,0.49902,0.27562,-0.097044,-0.082521,-2.2761e-05
-0.60957,0.38622,0.24035,-0.064202,-0.08568,-0.026754
-0.67386,0.59445,0.24561,-0.096316,-0.088998,-0.0005317
-0.5854,0.48415,0.22502,-0.08584,-0.086551,-0.0052433
-0.63618,0.56477,0.19864,-0.090871,-0.082906,-0.014962
-0.55204,0.55753,0.21243,-0.098214,-0.076954,0.0025879
-0.66555,0.44615,0.24366,-0.082568,-0.096298,-0.013568
-0.59904,0.62537,0.27045,-0.10173,-0.083471,0.0018532
-0.63019,0.56062,0.18332,-0.084831,-0.08275,-0.01777
-0.57091,0.55473,0.20789,-0.09515,-0.084697,-0.0019592
-0.60547,0.41713,0.28749,-0.073347,-0.089718,-0.014842
-0.66264,0.47324,0.17095,-0.076197,-0.093103,-0.019939
-0.56996,0.56927,0.14421,-0.097644,-0.07636,0.001242
-0.62511,0.52459,0.12971,-0.087991,-0.09135,-0.011446
-0.58129,0.61591,0.24283,-0.092009,-0.087431,-0.0085764
-0.5777,0.56966,0.34411,-0.099218,-0.081873,-0.0021296
-0.56116,0.58684,0.28034,-0.095402,-0.083904,-0.0075438
-0.65717,0.58667,0.37348,-0.098396,-0.095318,-0.013576
-0.57027,0.60176,0.25594,-0.10574,-0.074985,0.0053722
-0.51674,0.38255,0.25652,-0.073419,-0.088218,-0.012281
-0.60219,0.524,0.1721,-0.089388,-0.087464,-0.0029821
-0.54411,0.62407,0.26716,-0.09906,-0.077628,0.0071523
-0.53378,0.47919,0.2602,-0.085916,-0.083013,-0.013386
-0.58275,0.59542,0.31681,-0.1003,-0.085891,-0.005905
-0.54358,0.55857,0.24747,-0.096733,-0.084305,-0.0030203
-0.6318,0.41738,0.27596,-0.074032,-0.091869,-0.012632
-0.54452,0.53121,0.24783,-0.098717,-0.084285,-0.0040353
-0.51818,0.46579,0.18154,-0.088698,-0.077184,-0.0021662
-0.52731,0.27027,0.29567,-0.064713,-0.088815,-0.018369
-0.60533,0.6189,0.19467,-0.10019,-0.084766,-0.0014829
-0.59079,0.3828,0.16568,-0.076231,-0.087682,-0.011335
-0.55819,0.48689,0.2387,-0.080996,-0.084479,-0.0082369
-0.57963,0.64414,0.21458,-0.10267,-0.082729,-0.0038643
-0.54623,0.41122,0.16957,-0.078314,-0.084666,-0.005079
-0.66681,0.3975,0.26747,-0.077224,-0.092636,-0.01586
-0.63062,0.51789,0.38729,-0.09291,-0.083957,-0.0025155
-0.60202,0.53303,0.27279,-0.089479,-0.087648,-0.0059045
-0.63527,0.55435,0.14646,-0.090793,-0.08313,-0.010728
-0.61364,0.56972,0.20494,-0.097964,-0.078318,-0.00080004
-0.62497,0.45997,0.32824,-0.079182,-0.09188,-0.0065851
-0.66522,0.58827,0.23611,-0.088278,-0.086584,-0.010687
-0.48387,0.60484,0.15563,-0.098924,-0.065586,0.0099548
-0.4876,0.52289,0.18081,-0.087686,-0.080809,-0.001157
-0.6439,0.57772,0.25898,-0.091446,-0.098721,-0.014606
-0.52393,0.53909,0.28478,-0.091802,-0.07374,0.0015553
-0.56336,0.56029,0.25423,-0.097117,-0.076908,-0.0001242
-0.64194,0.58636,0.2964,-0.097397,-0.094714,-0.015777
-0.41971,0.48624,0.18207,-0.088953,-0.06711,0.0089828
-0.6426,0.38423,0.16471,-0.068995,-0.095921,-0.018685
-0.60536,0.66144,0.29524,-0.11551,-0.088437,0.0010497
-0.50181,0.41215,0.13794,-0.08218,-0.069169,0.0070756
-0.5915,0.40863,0.27404,-0.071485,-0.088521,-0.022608
-0.69595,0.50166,0.29591,-0.095958,-0.095939,-0.012424
-0.51183,0.31044,0.017942,-0.06574,-0.074287,-0.006505
-0.69634,0.43751,0.39457,-0.080231,-0.10615,-0.028337
-0.64367,0.59191,0.22234,-0.10016,-0.083897,0.0016179
-0.53876,0.40977,0.24463,-0.078077,-0.073932,-0.0010822
-0.61684,0.47431,0.14271,-0.076196,-0.087045,-0.022754
-0.48499,0.40542,0.14541,-0.085383,-0.069705,0.0089513
-0.59471,0.55657,0.26398,-0.091949,-0.093507,-0.0083152
-0.56028,0.5512,0.083146,-0.084052,-0.07825,-0.015687
-0.53421,0.52808,0.2619,-0.092418,-0.073693,0.005793
-0.69267,0.56547,0.29837,-0.092745,-0.10135,-0.01461
-0.51902,0.47712,0.22928,-0.081862,-0.085773,-0.0088378
-0.58516,0.70106,0.22982,-0.10556,-0.074136,0.012095
-0.60462,0.50475,0.15606,-0.089062,-0.093434,-0.020465
-0.48683,0.5181,0.20913,-0.085072,-0.076551,-0.012282
-0.61041,0.48864,0.28187,-0.090797,-0.092416,-0.0038424
-0.64762,0.51907,0.28977,-0.091125,-0.092166,-0.015852
-0.52076,0.63513,0.19793,-0.1053,-0.075519,0.0033755
-0.61773,0.29166,0.16899,-0.065931,-0.10078,-0.020196
-0.58371,0.37633,0.075611,-0.066225,-0.081309,-0.018848
-0.65926,0.62512,0.17952,-0.089539,-0.083879,-0.0024802
-0.57414,0.28171,0.13102,-0.073406,-0.089205,-0.014135
-0.72693,0.53169,0.22571,-0.087836,-0.092592,-0.021527
-0.58276,0.4776,0.18644,-0.081971,-0.079953,-0.0053026
-0.64662,0.40175,0.27989,-0.077376,-0.10042,-0.018314
-0.72875,0.50092,0.183,-0.090889,-0.099452,-0.016986
-0.63273,0.59882,0.093269,-0.097064,-0.073324,0.002499
-0.59874,0.34142,0.25213,-0.072647,-0.094522,-0.017857
-0.7472,0.63815,0.32784,-0.10988,-0.098783,-0.012058
-0.61809,0.46639,0.29763,-0.085532,-0.08899,-0.0092681
-0.58531,0.43422,0.27437,-0.079094,-0.088104,-0.014017
-0.67467,0.57528,0.28829,-0.10349,-0.094454,-0.0076445
-0.48584,0.34263,0.14583,-0.066944,-0.079163,-0.0063385
-0.66915,0.45019,0.2663,-0.073953,-0.093017,-0.027311
-0.63007,0.5609,0.29606,-0.10042,-0.090371,-0.0032413
-0.53443,0.48116,0.2207,-0.092405,-0.079908,-0.0036679
-0.61701,0.50541,0.12473,-0.08301,-0.086102,-0.015958
-0.55652,0.55646,0.15658,-0.098882,-0.082804,-0.0016016
-0.51441,0.45767,0.17754,-0.082686,-0.083708,-0.0058829
-0.66644,0.59754,0.30277,-0.097561,-0.088388,-0.012243
-0.50327,0.46906,0.2339,-0.093425,-0.071488,0.0039487
-0.50036,0.45861,0.13804,-0.074506,-0.083345,-0.0014395
-0.59778,0.54565,0.25139,-0.089475,-0.091933,-0.016992
-0.54032,0.46654,0.13063,-0.080186,-0.080538,0.0051105
-0.50979,0.47793,0.26399,-0.090017,-0.084272,-0.0068421
-0.55341,0.56321,0.19458,-0.098676,-0.084094,-0.01314
-0.49439,0.43676,0.24478,-0.082844,-0.07724,-0.0038445
-0.61382,0.43061,0.21496,-0.078543,-0.087471,-0.013581
-0.64309,0.56575,0.22574,-0.093516,-0.089815,-0.011831
-0.63612,0.55579,0.085697,-0.094273,-0.076692,0.0022465
-0.65609,0.54368,0.16078,-0.091661,-0.089395,-0.016264
-0.58063,0.37791,0.26275,-0.077604,-0.091485,-0.022839
-0.51534,0.57871,0.16429,-0.094775,-0.062608,0.00012391
-0.59923,0.50578,0.1928,-0.088717,-0.090178,-0.016933
-0.62375,0.55353,0.31471,-0.096428,-0.094962,-0.012434
-0.58141,0.59938,0.11613,-0.10652,-0.076718,0.0074237
-0.61448,0.41655,0.1363,-0.068989,-0.088244,-0.022213
-0.63799,0.57327,0.18702,-0.095808,-0.084519,-0.0013406
-0.62117,0.55406,0.095636,-0.093569,-0.08258,0.0035424
-0.6191,0.35284,0.17934,-0.07275,-0.094288,-0.026931
-0.60457,0.61634,0.3311,-0.10225,-0.083935,-0.00013846
-0.49911,0.51653,0.18777,-0.098689,-0.085938,-0.0021993
-0.54365,0.19086,0.19293,-0.047463,-0.090005,-0.029121
-0.70343,0.71865,0.25247,-0.11192,-0.088352,0.0061308
-0.6255,0.45656,0.15983,-0.087164,-0.089628,-0.010496
-0.58349,0.32162,0.10663,-0.056871,-0.082516,-0.028122
-0.5664,0.57824,0.21511,-0.10286,-0.079084,0.0099731
-0.57073,0.28617,0.2241,-0.067447,-0.092322,-0.01634
-0.64647,0.51356,0.11734,-0.089701,-0.08293,-0.010036
-0.56727,0.53911,0.24215,-0.098952,-0.079574,0.0028242
-0.66536,0.36928,0.22894,-0.079195,-0.097823,-0.016878
-0.70575,0.46228,0.27308,-0.0863,-0.096498,-0.015738
-0.61382,0.69917,0.092908,-0.10396,-0.074918,0.011193
-0.56528,0.45946,0.082365,-0.075915,-0.081869,-0.0076178
-0.54163,0.6105,0.26183,-0.10782,-0.082162,-0.0029995
-0.63146,0.52512,0.17978,-0.091112,-0.084585,-0.0013991
-0.53855,0.46166,0.099718,-0.075543,-0.077525,-0.004726
-0.64819,0.6527,0.32909,-0.10822,-0.088754,-0.00073265
-0.56841,0.30217,0.1514,-0.065487,-0.083878,-0.011933
-0.56469,0.44718,0.16191,-0.072444,-0.079353,-0.0066095
-0.51845,0.58025,0.16543,-0.099768,-0.071379,-0.002872
-0.55326,0.5571,0.28631,-0.096412,-0.085462,-0.001724
-0.67874,0.53637,0.22998,-0.093523,-0.089045,-0.017347
-0.56726,0.56127,0.10957,-0.089633,-0.079326,-0.00051584
-0.53295,0.50505,0.22766,-0.092205,-0.080105,5.4064e-05
-0.61602,0.57684,0.2861,-0.097967,-0.091552,-0.015715
-0.59851,0.60738,0.28005,-0.11269,-0.082374,-0.0035702
-0.53503,0.40627,0.2707,-0.081079,-0.086864,-0.009457
-0.66668,0.58196,0.1786,-0.094187,-0.090657,-0.0156
-0.60378,0.50904,0.031285,-0.085827,-0.072865,0.00058131
-0.6621,0.46877,0.24706,-0.092623,-0.095213,-0.010659
-0.72295,0.56906,0.28898,-0.096516,-0.090922,-0.019137
-0.53417,0.34963,0.1144,-0.065544,-0.070945,-0.004609
-0.59109,0.49985,0.24495,-0.079644,-0.0891,-0.015858
-0.61742,0.57307,0.23263,-0.098799,-0.087547,-0.011007
-0.50844,0.61573,0.22276,-0.10609,-0.073999,0.0098468
-0.6652,0.50275,0.18254,-0.080619,-0.093169,-0.025395
-0.60892,0.60767,0.33378,-0.10309,-0.088592,-0.0034439
-0.60684,0.46196,0.23427,-0.086013,-0.087456,-0.003902
-0.54592,0.4942,0.1034,-0.085958,-0.084931,-0.015136
-0.50263,0.55706,0.27791,-0.10295,-0.07523,0.0049509
-0.55801,0.44885,0.15751,-0.083924,-0.086462,-0.0056484
-0.60901,0.54186,0.32318,-0.088515,-0.091889,-0.020144
-0.5422,0.51762,0.15655,-0.08517,-0.077993,0.0060639
-0.57597,0.55098,0.20817,-0.095308,-0.076279,-0.0036929
-0.70134,0.49739,0.15766,-0.084835,-0.09781,-0.019771
-0.50419,0.39319,0.20421,-0.082825,-0.079231,-0.0011303
-0.66792,0.50748,0.27841,-0.096462,-0.098562,-0.0155
-0.64917,0.52396,0.24744,-0.091331,-0.097851,-0.011213
-0.63855,0.57484,0.17787,-0.10601,-0.084336,0.0058047
-0.62884,0.61312,0.28084,-0.099931,-0.086431,-0.01105
-0.63328,0.51847,0.18725,-0.095953,-0.090459,-0.013452
-0.62977,0.48575,0.24271,-0.093366,-0.081078,-0.0074874
-0.6442,0.50477,0.15156,-0.084745,-0.086033,-0.01306
-0.64317,0.54732,0.18763,-0.09055,-0.089088,-0.011873
-0.50157,0.55289,0.12612,-0.089144,-0.074101,0.0037453
-0.62926,0.32751,0.29805,-0.065435,-0.098297,-0.022073
-0.6561,0.49591,0.17807,-0.082542,-0.089926,-0.0067235
-0.56154,0.58665,0.30845,-0.092039,-0.079178,-0.0043105
-0.63312,0.47049,0.15643,-0.07837,-0.084638,-0.015835
-0.65161,0.50047,0.30284,-0.092602,-0.090652,-0.0071571
-0.5831,0.58322,0.18259,-0.0857,-0.079789,-0.0042339
-0.58037,0.35101,0.18358,-0.073496,-0.089997,-0.020006
-0.67527,0.62971,0.28168,-0.10773,-0.091936,-0.002278
-0.57395,0.54397,0.21899,-0.095088,-0.080094,-0.0041485
-0.51776,0.34887,0.10432,-0.067494,-0.079259,-0.017847
-0.58329,0.49094,0.23151,-0.092864,-0.083128,-0.0050455
-0.68743,0.40454,0.26413,-0.083849,-0.097993,-0.014169
-0.67987,0.35261,0.127,-0.0708,-0.092519,-0.022133
-0.51936,0.54305,0.26989,-0.097859,-0.072954,0.005049
-0.54315,0.33919,0.19471,-0.077223,-0.082858,-0.010765
-0.63615,0.45312,0.21112,-0.081466,-0.086886,-0.010444
-0.57929,0.51373,0.18407,-0.084841,-0.08648,-0.0033007
-0.54387,0.51,0.18743,-0.094817,-0.082591,-0.00010385
-0.59213,0.55297,0.15875,-0.085718,-0.078456,-0.011931
-0.53429,0.54012,0.1207,-0.096925,-0.074874,-0.0064455
-0.54006,0.4861,0.17831,-0.087846,-0.082444,-0.01066
-0.6042,0.55661,0.24465,-0.088968,-0.085224,-0.008589
-0.55393,0.49886,0.25991,-0.095353,-0.086124,-0.0043237
-0.5718,0.49085,0.25137,-0.081599,-0.082587,-0.01288
-0.52099,0.60965,0.10895,-0.097784,-0.070897,0.0074536
-0.57642,0.43546,0.16067,-0.084235,-0.086064,-0.01006
-0.65172,0.43979,0.23126,-0.077606,-0.093359,-0.021418
-0.55222,0.48976,0.22415,-0.088486,-0.077778,-0.0068924
-0.58401,0.42314,0.11881,-0.085932,-0.082712,-0.0079827
-0.58419,0.50482,0.14805,-0.089149,-0.08437,-0.010676
-0.56746,0.52431,0.17265,-0.088736,-0.079965,-0.0044985
-0.59987,0.36798,0.14557,-0.073847,-0.089495,-0.008953
-0.64011,0.47877,0.1892,-0.076401,-0.092216,-0.018158
-0.55966,0.62558,0.048536,-0.09544,-0.070032,0.0097986
-0.53413,0.489,0.12781,-0.085088,-0.081033,-0.0078367
-0.68514,0.55487,0.29465,-0.099492,-0.097278,-0.013501
-0.54713,0.44389,0.15115,-0.080036,-0.078426,0.0042476
-0.65631,0.40143,0.21698,-0.072332,-0.095359,-0.025059
-0.67907,0.56105,0.15225,-0.09738,-0.09586,-0.0068704
-0.56263,0.48671,0.072272,-0.082871,-0.074654,0.0009796
-0.69382,0.44307,0.11636,-0.070834,-0.087769,-0.023793
-0.63532,0.72575,0.28817,-0.10994,-0.092919,-0.00055481
-0.52769,0.53786,0.42479,-0.11002,-0.089236,-0.0084456
-0.62117,0.48371,0.1771,-0.082432,-0.0894,-0.018855
-0.51767,0.58291,0.15714,-0.10687,-0.07186,0.0048477
-0.56956,0.41606,0.19367,-0.07819,-0.085729,-0.011092
-0.71361,0.40873,0.29639,-0.074158,-0.10271,-0.025777
-0.59046,0.59107,0.23452,-0.10734,-0.078858,0.0076235
-0.60077,0.34216,0.078581,-0.075535,-0.082184,-0.013469
-0.69252,0.48933,0.21879,-0.08984,-0.090392,-0.012307
-0.55932,0.43333,0.11945,-0.074147,-0.078669,-0.0032028
-0.63689,0.41982,0.28494,-0.073304,-0.091357,-0.011111
-0.67881,0.54639,0.12261,-0.09881,-0.088155,-0.0085424
-0.55865,0.52489,0.13062,-0.083034,-0.070542,0.00070842
-0.54572,0.40368,0.2093,-0.080496,-0.086629,-0.0061353
-0.65721,0.43917,0.17817,-0.077669,-0.091642,-0.016526
-0.55639,0.59076,0.18892,-0.098499,-0.077005,0.0069817
-0.60791,0.30474,0.13263,-0.07053,-0.087862,-0.015593
-0.72567,0.65965,0.21952,-0.10974,-0.099479,-0.012704
-0.59956,0.46233,0.17323,-0.086084,-0.080506,-0.002521
-0.64014,0.3646,0.14642,-0.077005,-0.090321,-0.011769
-0.67621,0.51534,0.16106,-0.089918,-0.091947,-0.014748
-0.48773,0.49473,0.099336,-0.092258,-0.066293,0.011925
-0.60303,0.44361,0.111,-0.074505,-0.089183,-0.017878
-0.67286,0.66028,0.26222,-0.10429,-0.092062,-0.015242
-0.47371,0.40614,0.078209,-0.07655,-0.063816,-0.0036351
-0.6424,0.40762,0.33755,-0.089175,-0.09501,-0.023524
-0.73643,0.5448,0.21689,-0.10181,-0.099268,-0.016094
-0.57033,0.42621,0.12996,-0.087664,-0.07208,0.0014001
-0.75876,0.43239,0.20108,-0.073728,-0.096156,-0.031991
-0.68755,0.56655,0.13554,-0.095679,-0.084775,0.0017459
-0.61793,0.483,0.19864,-0.08662,-0.084186,0.0031845
-0.6248,0.56617,0.11643,-0.085374,-0.085654,-0.020844
-0.52399,0.49501,0.074863,-0.090166,-0.073823,0.0069538
-0.60993,0.30808,0.18297,-0.06768,-0.091797,-0.014825
-0.63442,0.43753,0.23721,-0.082744,-0.095058,-0.018392
-0.53647,0.45796,0.07841,-0.089649,-0.073593,0.0029973
-0.6536,0.35745,0.22056,-0.076471,-0.088456,-0.018662
-0.65784,0.33327,0.063985,-0.077024,-0.094737,-0.01947
-0.61302,0.44573,0.052048,-0.076995,-0.077218,-0.0077959
-0.55984,0.40709,0.099435,-0.079141,-0.079266,-0.018736
-0.56104,0.49425,0.20423,-0.09073,-0.083678,-0.007078
-0.60636,0.37536,0.17721,-0.069614,-0.085836,-0.010189
-0.57178,0.47114,0.23354,-0.084399,-0.08634,-0.016102
-0.57006,0.62643,0.23371,-0.10656,-0.074554,0.0078052
-0.59823,0.39045,0.19279,-0.080164,-0.085067,-0.010577
-0.57817,0.44919,0.15121,-0.077093,-0.085757,-0.020896
-0.56421,0.40881,0.2148,-0.085529,-0.083942,-0.0033517
-0.5772,0.54123,0.28099,-0.097785,-0.08711,-0.0083239
-0.59257,0.48544,0.16453,-0.078412,-0.076249,-0.014914
-0.57734,0.45717,0.11067,-0.080391,-0.082122,-0.0081733
-0.64771,0.39815,0.12145,-0.077941,-0.093842,-0.0051585
-0.63327,0.55233,0.14718,-0.095874,-0.090831,-0.013266
-0.54344,0.47378,0.17123,-0.088244,-0.07166,-0.0024046
-0.63783,0.41192,0.20792,-0.08338,-0.090256,-0.019421
-0.64471,0.41111,0.076447,-0.075948,-0.089853,-0.024895
-0.4814,0.50567,0.23482,-0.091561,-0.070205,0.0027602
-0.68081,0.58521,0.22286,-0.095138,-0.091273,-0.0089663
-0.71556,0.5451,0.14653,-0.087877,-0.094238,-0.021293
-0.57044,0.52597,0.2262,-0.092842,-0.072689,4.5055e-05
-0.52203,0.42133,0.22935,-0.077334,-0.084475,-0.019286
-0.6875,0.47481,0.32414,-0.083249,-0.097337,-0.016512
-0.64501,0.46461,0.19932,-0.089744,-0.088293,0.001492
-0.63489,0.48057,0.050457,-0.079179,-0.085996,-0.02
-0.55135,0.46877,0.12646,-0.090313,-0.082959,-0.008125
-0.59233,0.40955,0.14676,-0.074382,-0.077321,0.0001279
-0.68572,0.41414,0.069421,-0.067041,-0.091803,-0.023852
-0.62566,0.51199,0.22677,-0.09243,-0.083308,0.0013031
-0.62356,0.44249,0.13046,-0.084495,-0.082012,-0.010291
-0.64002,0.34035,0.12083,-0.066948,-0.093905,-0.024633
-0.5919,0.38593,0.033544,-0.076915,-0.085673,-0.0068417
-0.65237,0.49372,0.10981,-0.084313,-0.089811,-0.0088574
-0.6241,0.31299,0.17571,-0.06557,-0.087159,-0.018201
-0.66885,0.53589,0.16671,-0.096651,-0.089372,0.00047193
-0.5767,0.34041,0.023172,-0.068746,-0.084035,-0.014732
-0.63208,0.36737,0.44123,-0.082846,-0.10031,-0.025243
-0.60045,0.54654,0.18389,-0.09813,-0.081206,0.0018975
-0.68525,0.58254,0.21951,-0.1019,-0.10531,-0.0057296
-0.53533,0.51213,0.094601,-0.089692,-0.080324,-0.0059563
-0.58858,0.53166,0.12476,-0.088563,-0.083844,-0.0060744
-0.62057,0.57925,0.13644,-0.092875,-0.090934,-0.01094
-0.56894,0.59451,0.080501,-0.098371,-0.083906,-0.0060793
-0.62646,0.61992,0.14237,-0.10535,-0.079665,-0.0010971
-0.62115,0.50879,0.11547,-0.094162,-0.089975,-0.0085849
-0.6574,0.45538,0.21502,-0.084083,-0.093503,-0.01639
-0.58274,0.5347,0.10409,-0.086471,-0.082418,-0.0039073
-0.5714,0.47925,0.25891,-0.088301,-0.086268,-0.012472
-0.72186,0.65071,0.15927,-0.10492,-0.093113,-0.0094599
-0.51287,0.6014,0.17046,-0.094514,-0.073503,0.0066846
-0.59065,0.2873,0.093182,-0.058649,-0.088079,-0.022514
-0.59943,0.57456,0.19035,-0.094036,-0.084846,-0.004908
-0.6355,0.53318,0.21738,-0.089568,-0.084092,0.0018523
-0.63407,0.38158,0.064006,-0.074954,-0.086367,-0.020653
-0.58399,0.53995,0.16259,-0.092113,-0.082895,-0.0059935
-0.61017,0.33968,0.075438,-0.069516,-0.078469,-0.0063218
-0.70426,0.29183,0.088412,-0.059963,-0.089439,-0.030532
-0.66342,0.54315,0.20981,-0.097118,-0.091472,-0.0046337
-0.56505,0.40456,0.27709,-0.088977,-0.086261,-0.0090345
-0.58605,0.32061,0.090218,-0.06545,-0.079753,-0.024106
-0.68777,0.50429,0.11783,-0.078978,-0.088503,-0.017673
-0.52201,0.56985,0.22224,-0.089089,-0.073785,0.0069936
-0.55711,0.53152,0.069182,-0.095404,-0.081692,-0.001409
-0.68792,0.50539,0.1294,-0.081303,-0.091047,-0.020943
-0.56966,0.43789,0.10892,-0.089355,-0.083531,0.0038316
-0.64799,0.49577,0.099083,-0.088348,-0.090254,-0.0098493
-0.59869,0.48511,0.024829,-0.085237,-0.081582,-0.015805
-0.54782,0.56947,0.12879,-0.10208,-0.075404,0.006479
-0.48716,0.52868,0.094492,-0.097427,-0.082505,-0.0099428
-0.65461,0.50061,0.19609,-0.090866,-0.094837,-0.022012
-0.60959,0.45216,0.20231,-0.092391,-0.086132,-0.0041398
-0.64642,0.48711,0.16297,-0.084148,-0.082649,-0.015038
-0.5428,0.53259,0.1311,-0.095366,-0.078462,-0.0056161
-0.52609,0.37805,0.21989,-0.081849,-0.073641,-0.0093251
-0.63773,0.4047,0.12241,-0.072371,-0.086279,-0.018566
-0.6937,0.49104,0.25973,-0.092084,-0.10003,-0.014067
-0.50212,0.57155,0.20836,-0.097902,-0.073323,0.0076993
-0.63622,0.43315,0.16913,-0.08025,-0.082414,-0.020378
-0.66957,0.65555,0.27803,-0.11258,-0.093153,-0.00018569
-0.5602,0.46007,0.15294,-0.081378,-0.077512,0.00049465
-0.57533,0.50563,0.133,-0.084383,-0.080702,-0.015211
-0.57403,0.59142,0.2619,-0.1114,-0.079168,0.0086217
-0.55118,0.40823,0.10691,-0.085263,-0.07972,-0.0048451
-0.59975,0.35328,-0.025956,-0.072546,-0.086624,-0.017087
-0.52577,0.49685,0.21279,-0.087758,-0.066467,0.0075256
-0.62874,0.54738,0.27759,-0.08911,-0.092984,-0.011949
-0.63292,0.5207,0.070179,-0.091254,-0.08106,-0.014395
-0.55481,0.57494,0.15923,-0.10095,-0.072285,0.0053297
-0.57293,0.45388,0.23445,-0.078972,-0.090552,-0.013369
-0.72112,0.59936,0.2416,-0.10265,-0.0936,-0.011697
-0.60344,0.52116,0.36146,-0.09796,-0.082314,0.0029654
-0.59249,0.54554,0.21305,-0.094976,-0.089577,-0.0081824
-0.63176,0.56679,0.1814,-0.096241,-0.089233,-0.0066418
-0.56711,0.37203,0.003625,-0.071857,-0.076827,-0.0046906
-0.68135,0.54894,0.10493,-0.090488,-0.096565,-0.019426
-0.63671,0.54844,0.087399,-0.09088,-0.091417,-0.0096213
-0.5565,0.64878,0.088817,-0.10609,-0.073708,0.0029564
-0.60611,0.46979,0.087988,-0.073991,-0.08157,-0.014796
-0.60473,0.37449,0.20817,-0.073986,-0.092348,-0.01342
-0.64772,0.49766,0.17352,-0.08968,-0.087041,-0.0047392
-0.6482,0.34977,0.1392,-0.070167,-0.090496,-0.02522
-0.64602,0.58428,0.11226,-0.089151,-0.079894,-0.0046013
-0.57428,0.52537,0.12669,-0.098948,-0.081242,-0.00088987
-0.6014,0.45188,0.083408,-0.073007,-0.083315,-0.020997
-0.58984,0.53942,0.19356,-0.099644,-0.081039,0.0015113
-0.59193,0.52184,0.17184,-0.096963,-0.081676,-0.0076088
-0.60366,0.37351,0.10528,-0.070321,-0.087918,-0.020106
-0.59487,0.60965,0.19793,-0.10993,-0.085652,0.0027867
-0.63808,0.46444,0.091121,-0.087025,-0.088558,-0.011377
-0.62959,0.37608,0.034312,-0.061832,-0.084858,-0.013467
-0.55809,0.64366,0.15304,-0.10998,-0.069044,0.0070483
-0.46014,0.43334,0.00044531,-0.077245,-0.070838,-0.0051908
-0.62025,0.41931,0.1308,-0.075409,-0.088598,-0.018058
-0.59742,0.58081,0.15044,-0.10216,-0.077624,0.0037604
-0.59889,0.40922,0.068284,-0.077033,-0.086698,-0.014415
-0.66251,0.62136,0.2284,-0.10623,-0.089328,-0.010017
-0.60676,0.53217,0.10717,-0.096179,-0.07183,-0.0014
-0.67009,0.47439,0.13414,-0.085069,-0.091607,-0.015034
-0.62086,0.52758,0.18316,-0.095758,-0.089531,-0.007924
-0.55984,0.53991,0.10781,-0.093226,-0.074123,-0.00036223
-0.66117,0.5791,0.11731,-0.097415,-0.084962,-0.0015184
-0.6258,0.47034,0.16864,-0.084497,-0.086273,-0.0083673
-0.70267,0.4838,0.29916,-0.088835,-0.10065,-0.011957
-0.58769,0.49049,0.12363,-0.082395,-0.079817,-0.00086329
-0.60822,0.35334,0.29906,-0.067639,-0.09117,-0.012491
-0.70321,0.60584,0.1106,-0.10387,-0.096768,-0.008305
-0.58836,0.37522,-0.0067039,-0.067303,-0.082573,-0.014591
-0.46577,0.3289,0.10146,-0.065546,-0.078696,-0.012303
-0.61726,0.58859,0.084905,-0.093062,-0.08645,-0.0089188
-0.60627,0.41842,-0.035338,-0.079042,-0.075763,0.0031821
-0.64169,0.49832,0.203,-0.085838,-0.091818,-0.015493
-0.61316,0.47188,0.12666,-0.078962,-0.091023,-0.014935
-0.55035,0.45194,0.067387,-0.088078,-0.076657,0.0060429
-0.61663,0.50722,0.18662,-0.08563,-0.089638,-0.020569
-0.74982,0.71337,0.23482,-0.11478,-0.08925,0.0017626
-0.46491,0.51093,0.13741,-0.090427,-0.071605,0.0016555
-0.6275,0.39965,0.21493,-0.081229,-0.092343,-0.027433
-0.53109,0.5064,0.17567,-0.096995,-0.07613,0.00044073
-0.56668,0.50629,0.072208,-0.094242,-0.085676,-0.0038636
-0.58514,0.62423,0.14592,-0.099658,-0.089445,-0.015211
-0.5819,0.59991,0.096265,-0.10517,-0.075144,0.0080616
-0.61702,0.48216,0.22256,-0.088936,-0.088004,-0.017131
-0.73516,0.48753,0.21137,-0.086051,-0.1004,-0.025972
-0.51478,0.46892,0.14509,-0.09346,-0.072427,0.0039695
-0.68741,0.39407,0.21336,-0.078271,-0.10109,-0.02227
-0.70339,0.41668,0.1532,-0.077182,-0.092418,-0.022289
-0.56866,0.46428,0.033629,-0.080348,-0.073193,0.0013971
-0.71897,0.46504,0.2848,-0.086932,-0.094611,-0.01905
-0.62706,0.68211,0.26374,-0.10729,-0.082679,0.0067852
-0.51449,0.57166,0.17964,-0.10198,-0.075373,0.0044871
-0.57946,0.39532,0.037687,-0.06817,-0.082371,-0.022348
-0.56899,0.45957,0.22896,-0.091179,-0.08527,0.00048557
-0.63445,0.39262,0.088782,-0.080927,-0.078682,-0.0047708
-0.63083,0.41612,0.094067,-0.07073,-0.088831,-0.019286
-0.56765,0.56636,0.088034,-0.10155,-0.069424,0.0075974
-0.5464,0.48462,0.13832,-0.080808,-0.076261,-0.0070593
-0.57332,0.42222,0.053035,-0.06657,-0.078725,-0.016442
-0.55646,0.49347,0.21847,-0.089036,-0.085948,0.0019389
-0.52232,0.49957,0.20958,-0.094346,-0.082317,-0.0029715
-0.53466,0.37284,0.12833,-0.071745,-0.07758,-0.013128
-0.56924,0.50045,0.18497,-0.088523,-0.087867,-0.0060556
-0.56116,0.42188,0.11242,-0.079143,-0.08136,-0.0092533
-0.64347,0.51261,0.1191,-0.092445,-0.081788,-0.014157
-0.64962,0.63806,0.020534,-0.10232,-0.075603,0.0041466
-0.52653,0.49622,0.017402,-0.084333,-0.074894,-0.0060308
-0.58007,0.47831,0.11181,-0.087717,-0.083737,-0.013981
-0.61207,0.61408,0.15278,-0.098322,-0.080284,0.0022601
-0.64805,0.48722,0.057807,-0.087553,-0.088884,-0.0069636
-0.5994,0.4935,0.19418,-0.088648,-0.090786,-0.01847
-0.65602,0.64671,0.039457,-0.10654,-0.076378,0.0029105
-0.67177,0.28342,0.020652,-0.062187,-0.093691,-0.018921
-0.70771,0.48127,0.17915,-0.08824,-0.099817,-0.023436
-0.55062,0.5589,0.090345,-0.09999,-0.070443,0.0055798
-0.60137,0.37733,0.10339,-0.081209,-0.081448,-0.01071
-0.61793,0.50956,0.15167,-0.096904,-0.084851,-0.0062885
-0.55061,0.35784,0.093979,-0.068756,-0.073687,-0.0052089
-0.61068,0.56501,0.20358,-0.091185,-0.084844,-0.0078636
-0.66474,0.66274,0.2096,-0.10398,-0.087249,0.0024911
-0.56421,0.51247,0.04585,-0.091845,-0.074061,0.0047453
-0.62021,0.3855,0.16462,-0.064973,-0.083431,-0.018295
-0.61886,0.70576,0.11703,-0.10715,-0.081103,0.0041564
-0.55834,0.47429,0.19553,-0.087076,-0.086577,-0.0058305
-0.6623,0.37363,0.18446,-0.074698,-0.094616,-0.021848
-0.62408,0.47494,0.23262,-0.094545,-0.091684,-0.0059221
-0.59433,0.46877,0.10722,-0.086938,-0.083999,-0.0069179
-0.53916,0.35367,0.016145,-0.072551,-0.076944,-0.022114
-0.66318,0.55164,0.04835,-0.088523,-0.083531,-0.010331
-0.6779,0.3114,0.042479,-0.069747,-0.092205,-0.013001
-0.6937,0.49174,0.036886,-0.079307,-0.087984,-0.014965
-0.58475,0.6386,0.098861,-0.10566,-0.072679,0.0029391
-0.58232,0.43481,0.038803,-0.073742,-0.084728,-0.013627
-0.58084,0.43089,0.046583,-0.076273,-0.077802,-0.013085
-0.66605,0.56776,0.1566,-0.098674,-0.086221,-0.0014897
-0.70994,0.46468,0.12891,-0.088342,-0.098349,-0.0083411
-0.71187,0.55694,0.12707,-0.09956,-0.092741,-0.014773
-0.57569,0.50538,0.11192,-0.093294,-0.078555,-0.004768
-0.6512,0.31409,0.18926,-0.072967,-0.098672,-0.011866
-0.7024,0.58157,0.10422,-0.10243,-0.090122,-0.012932
-0.56619,0.52618,0.20948,-0.10543,-0.074776,0.0030516
-0.53159,0.49266,0.063295,-0.08265,-0.078583,-0.013409
-0.67818,0.5117,0.18236,-0.088321,-0.088172,-0.016553
-0.60182,0.48294,-0.039641,-0.08092,-0.07977,-0.0063789
-0.62587,0.39265,0.20397,-0.074952,-0.089889,-0.022716
-0.58233,0.59769,0.26877,-0.10811,-0.086758,0.0018471
-0.57209,0.48412,0.085672,-0.089055,-0.077097,0.0068886
-0.56337,0.29083,0.14364,-0.064624,-0.091392,-0.02679
-0.71339,0.6607,0.21936,-0.11621,-0.09864,-0.0023345
-0.59535,0.40953,0.11223,-0.074309,-0.085985,-0.0054281
-0.69507,0.55209,0.089794,-0.089501,-0.087734,-0.013012
-0.59899,0.54456,0.13001,-0.10809,-0.078932,0.0024267
-0.58956,0.36559,0.065194,-0.077734,-0.081587,-0.010327
-0.65243,0.58432,0.20071,-0.089319,-0.093816,-0.015748
-0.6367,0.52901,0.18541,-0.097147,-0.086343,0.001407
-0.58092,0.55696,0.25465,-0.098903,-0.077082,-0.001632
-0.57252,0.43393,-0.011772,-0.075148,-0.083358,-0.012893
-0.53906,0.5046,0.18974,-0.088163,-0.078052,-0.00026248
-0.64688,0.5061,0.080785,-0.091898,-0.088803,-0.0004577
-0.65327,0.59684,0.12187,-0.10614,-0.089197,-0.012376
-0.56827,0.60063,-0.016061,-0.095351,-0.069102,0.003875
-0.59018,0.46067,0.059787,-0.088484,-0.084892,-0.010167
-0.55616,0.26426,0.068808,-0.059846,-0.085346,-0.030374
-0.58046,0.4967,0.032256,-0.083362,-0.073445,0.00098579
-0.56849,0.56559,0.050569,-0.10038,-0.086294,-0.0057608
-0.61154,0.48299,0.036186,-0.078123,-0.083951,-0.013587
-0.57968,0.64637,0.10099,-0.10006,-0.069308,0.0023453
-0.66988,0.41577,0.19099,-0.076172,-0.089821,-0.019641
-0.6493,0.51281,0.20938,-0.086927,-0.086458,-0.012372
-0.62182,0.54873,0.2652,-0.10862,-0.0835,0.0070031
-0.55615,0.31588,0.060027,-0.064843,-0.082825,-0.022326
-0.71568,0.61704,0.21674,-0.10703,-0.093239,-0.0073802
-0.49429,0.56994,0.10591,-0.096684,-0.06561,0.012384
-0.6786,0.40897,0.19255,-0.075945,-0.094977,-0.02077
-0.63391,0.60768,0.13531,-0.10218,-0.085887,-0.0020794
-0.59286,0.52673,0.16258,-0.096954,-0.0733,0.0039249
-0.52779,0.28067,0.16044,-0.062536,-0.081348,-0.022795
-0.72043,0.60277,0.18806,-0.11048,-0.090885,0.0031513
-0.66081,0.5141,0.1404,-0.094793,-0.085467,-0.0032832
-0.63748,0.43043,0.15687,-0.083398,-0.080955,-0.01895
-0.57185,0.70797,0.16904,-0.11798,-0.077254,0.0078026
-0.68615,0.3565,0.086023,-0.065339,-0.086902,-0.018055
-0.66299,0.42503,0.15143,-0.076961,-0.09333,-0.019626
-0.67634,0.57782,0.10206,-0.10085,-0.084205,-0.0098326
-0.59713,0.52308,-0.0047341,-0.094764,-0.067532,0.003503
-0.62967,0.3748,0.18842,-0.076743,-0.090165,-0.015337
-0.70294,0.49692,0.17457,-0.092682,-0.10058,-0.0058491
-0.62437,0.43517,0.12893,-0.082321,-0.077866,-0.0074494
-0.63683,0.50268,0.17955,-0.094238,-0.094379,-0.014599
-0.6782,0.47102,0.055677,-0.090271,-0.092763,-0.018408
-0.65075,0.33816,0.053756,-0.06818,-0.081161,-0.016346
-0.64915,0.36542,0.18401,-0.074175,-0.097301,-0.020303
-0.65485,0.4869,0.18702,-0.095417,-0.08362,0.00052761
-0.5901,0.44371,0.026413,-0.085867,-0.080775,-0.0037726
-0.56052,0.42478,-0.017841,-0.082912,-0.076398,-0.0095309
-0.5558,0.55901,0.15747,-0.09238,-0.079936,0.00021647
-0.59087,0.46152,0.1522,-0.089787,-0.087974,-0.0015456
-0.67056,0.49406,0.13644,-0.086728,-0.086379,-0.0065872
-0.69325,0.51935,0.14638,-0.094287,-0.091281,-0.010653
-0.56609,0.37707,0.14757,-0.085598,-0.083157,-0.0054946
-0.67593,0.39928,0.1723,-0.077566,-0.091073,-0.021352
-0.59482,0.52504,0.17615,-0.096567,-0.08178,0.00033865
-0.63205,0.40365,0.22654,-0.085011,-0.083198,-0.0058417
-0.66708,0.5367,0.13672,-0.098374,-0.08213,-0.014934
-0.61094,0.49485,0.068326,-0.093551,-0.082882,0.0016461
-0.52719,0.40608,0.14611,-0.077397,-0.083374,-0.013259
-0.77238,0.54418,0.12152,-0.095108,-0.094212,-0.018023
-0.57812,0.54142,0.091565,-0.10276,-0.073954,0.0032139
-0.64642,0.5077,0.22688,-0.090737,-0.092201,-0.010292
-0.66886,0.61438,0.097244,-0.096565,-0.088378,-0.014657
-0.57303,0.5473,0.052601,-0.097558,-0.070381,0.0046406
-0.6881,0.52633,0.25667,-0.09097,-0.097155,-0.010369
-0.71861,0.64069,0.11414,-0.11167,-0.090523,-0.0054692
-0.58439,0.49436,0.08349,-0.094954,-0.077911,0.0065855
-0.75371,0.44122,0.1152,-0.078685,-0.095196,-0.02541
-0.65009,0.55218,0.14797,-0.099356,-0.086402,-0.0032066
-0.63575,0.41834,0.058357,-0.075133,-0.089232,-0.013183
-0.67464,0.55876,0.085495,-0.10259,-0.090982,-0.01376
-0.60165,0.50137,-0.026673,-0.087998,-0.08003,-0.0011227
-0.59225,0.54439,0.082167,-0.088367,-0.075834,-0.0031787
-0.60736,0.4076,0.10267,-0.070561,-0.089568,-0.017055
-0.61729,0.63,0.12218,-0.098313,-0.080745,0.0033501
-0.54147,0.48783,0.037699,-0.087972,-0.073277,0.0049137
-0.55525,0.4257,0.058961,-0.073933,-0.083375,-0.014256
-0.5379,0.46901,0.10606,-0.083513,-0.081768,-0.0036464
-0.62608,0.48844,0.18197,-0.094628,-0.088267,-0.0050241
-0.53097,0.49235,0.043441,-0.081977,-0.079399,-0.012759
-0.59209,0.5443,0.14592,-0.093475,-0.074748,0.0013712
-0.54456,0.4385,0.12756,-0.089277,-0.084938,-0.0081157
-0.65245,0.40469,0.096007,-0.079183,-0.09018,-0.012417
-0.65544,0.6095,0.11187,-0.10327,-0.076072,0.00085461
-0.6563,0.44624,0.099715,-0.088417,-0.095448,-0.00892
-0.61018,0.54044,0.11527,-0.10299,-0.086532,-0.014337
-0.57353,0.51843,0.085937,-0.09277,-0.068093,0.00233
-0.58645,0.41185,0.10903,-0.071178,-0.084875,-0.013252
-0.77334,0.51842,0.2305,-0.093573,-0.099353,-0.016318
-0.62374,0.4796,0.13613,-0.096971,-0.080367,0.0015171
-0.6381,0.41916,0.1984,-0.083894,-0.090636,-0.020299
-0.55028,0.49771,0.064883,-0.09753,-0.079904,-0.0099218
-0.63037,0.3033,0.14254,-0.074636,-0.090461,-0.017497
-0.70506,0.51183,0.16045,-0.088686,-0.088929,-0.01368
-0.57031,0.54654,0.083344,-0.09887,-0.07636,0.0033196
-0.56323,0.56579,0.17453,-0.098366,-0.078879,0.00036646
-0.6314,0.35753,0.16693,-0.07363,-0.1009,-0.022957
-0.72852,0.60724,0.12011,-0.10289,-0.090462,-0.0083321
-0.67303,0.54479,0.15256,-0.094096,-0.084783,-0.0068952
-0.5374,0.40878,0.054629,-0.078805,-0.076006,-0.011623
-0.61732,0.4904,0.093761,-0.094624,-0.086113,-0.0063098
-0.5786,0.44911,0.044954,-0.086753,-0.080815,-0.0026475
-0.66581,0.33655,-0.0075463,-0.073307,-0.087281,-0.015327
-0.60503,0.5402,0.1007,-0.10093,-0.090608,-0.005991
-0.5432,0.46483,-0.077271,-0.086821,-0.073904,0.0011876
-0.59846,0.28125,0.074065,-0.062634,-0.080497,-0.01285
-0.68613,0.52829,0.29242,-0.091261,-0.097367,-0.0052852
-0.56997,0.47584,0.14133,-0.087868,-0.074026,-0.0015492
-0.72535,0.38737,0.17195,-0.077864,-0.092319,-0.020703
-0.61483,0.45921,0.20592,-0.091858,-0.088996,-0.0086055
-0.59652,0.53201,0.065949,-0.093429,-0.077238,0.0033941
-0.6492,0.38566,0.24472,-0.080532,-0.092456,-0.027017
-0.67369,0.56296,0.1754,-0.10356,-0.085192,-0.0029046
-0.60122,0.49985,0.061857,-0.09173,-0.081757,-0.0023816
-0.62317,0.37973,0.15678,-0.073245,-0.086048,-0.025148
-0.70703,0.64305,0.062606,-0.096413,-0.079304,0.0041288
-0.63429,0.42742,0.1794,-0.086781,-0.092813,-0.008943
-0.66625,0.48066,0.16575,-0.086276,-0.090493,-0.018775
-0.53644,0.54636,0.052778,-0.096234,-0.065305,0.0044275
-0.59901,0.37177,0.18599,-0.084968,-0.089571,-0.016408
-0.5896,0.4019,0.11743,-0.081944,-0.086056,-0.016711
-0.60925,0.42987,-0.0076735,-0.08594,-0.073806,0.0015834
-0.64033,0.43702,0.096391,-0.085602,-0.087387,-0.017575
-0.62426,0.51968,0.052445,-0.096376,-0.084522,-0.0056215
-0.53423,0.45639,0.073158,-0.083524,-0.076513,0.00038754
-0.64234,0.23424,0.22631,-0.058408,-0.09604,-0.026765
-0.72088,0.64987,0.19611,-0.10943,-0.088067,0.0048358
-0.61135,0.55934,0.034142,-0.093833,-0.07983,0.0060152
-0.64987,0.33438,0.075802,-0.064766,-0.09112,-0.016036
-0.7697,0.6229,0.34883,-0.096624,-0.09884,-0.0062325
-0.56842,0.47533,-0.021048,-0.081077,-0.078553,-0.0047941
-0.64552,0.50181,0.1096,-0.088245,-0.085167,-0.011614
-0.63171,0.53293,0.12841,-0.10322,-0.082843,-0.005696
-0.66174,0.3798,0.03555,-0.083551,-0.086975,-0.01312
-0.59207,0.38284,0.14902,-0.066418,-0.08087,-0.011357
-0.62854,0.42143,0.12929,-0.091403,-0.087165,-0.011198
-0.62041,0.52807,0.15256,-0.10134,-0.077164,0.002245
-0.65633,0.42123,0.18688,-0.072988,-0.086439,-0.026574
-0.67774,0.54965,0.13435,-0.092614,-0.086678,-0.0080533
-0.64481,0.38685,0.085979,-0.076852,-0.091981,-0.010242
-0.72593,0.52451,0.09843,-0.088757,-0.088289,-0.024086
-0.68109,0.67172,0.13448,-0.10833,-0.078295,0.0068521
-0.66543,0.37973,0.12092,-0.0805,-0.083928,-0.00703
-0.76024,0.42174,0.29051,-0.081419,-0.10032,-0.022294
-0.68017,0.42944,0.036181,-0.084914,-0.078339,-0.0033941
-0.72346,0.44574,0.11582,-0.086052,-0.097725,-0.016127
-0.73131,0.58901,0.18125,-0.095367,-0.097474,-0.019188
-0.54347,0.57011,0.0027319,-0.097428,-0.064126,0.0040029
-0.70449,0.19917,0.17087,-0.059913,-0.099404,-0.031801
-0.67278,0.5022,0.074875,-0.088886,-0.090893,-0.017821
-0.59482,0.51088,0.11069,-0.098392,-0.069887,0.0064499
-0.6616,0.34145,0.14745,-0.073116,-0.087382,-0.024906
-0.68506,0.50494,0.13812,-0.085767,-0.090803,-0.0079832
-0.54677,0.2823,0.021915,-0.059625,-0.070046,-0.00886
-0.66348,0.43967,0.18639,-0.082757,-0.09281,-0.016839
-0.66861,0.51735,0.12192,-0.091275,-0.087762,-0.01667
-0.60834,0.46997,0.13783,-0.093813,-0.079142,0.014735
-0.69054,0.25752,0.18826,-0.059909,-0.10243,-0.029232
-0.65767,0.55842,0.093961,-0.10091,-0.091133,0.0030209
-0.58578,0.54957,0.1228,-0.097434,-0.076804,0.0041346
-0.65005,0.41201,-0.015202,-0.073606,-0.087981,-0.020057
-0.68925,0.39196,0.076056,-0.080149,-0.094876,-0.011744
-0.56797,0.48227,0.26477,-0.092783,-0.075342,0.0027368
-0.57136,0.46592,0.10109,-0.085333,-0.077251,-0.012227
-0.68851,0.48776,0.15035,-0.10048,-0.089729,-0.0053406
-0.54734,0.40085,0.05949,-0.085106,-0.078846,-0.0074726
-0.55824,0.42255,0.12557,-0.081835,-0.081013,-0.015377
-0.73024,0.61282,0.24627,-0.10473,-0.09471,-0.0056938
-0.58421,0.45646,0.0035414,-0.089063,-0.072148,-0.0027723
-0.60399,0.40584,0.021638,-0.083595,-0.085538,-0.021956
-0.56909,0.48827,0.12196,-0.092227,-0.089015,-0.0023774
-0.66367,0.44644,0.18993,-0.085031,-0.089378,-0.0099141
-0.65724,0.37436,0.20145,-0.075722,-0.092131,-0.018937
-0.69925,0.54938,0.16861,-0.096385,-0.086304,-0.0028837
-0.65831,0.47536,-0.016688,-0.083149,-0.084349,0.0024813
-0.74993,0.48392,0.10734,-0.086187,-0.10164,-0.018418
-0.69873,0.46268,0.12196,-0.093935,-0.087828,-0.0032658
-0.57187,0.40056,0.059211,-0.088805,-0.087136,-0.0078591
-0.64961,0.46577,0.11288,-0.08969,-0.091035,-0.015313
-0.50287,0.43065,-0.016106,-0.08016,-0.061886,0.0010991
-0.67158,0.3882,0.06667,-0.081558,-0.098039,-0.012581
-0.60052,0.39927,0.071004,-0.076581,-0.085502,-0.017952
-0.63524,0.57096,-0.011618,-0.091635,-0.069441,0.00022204
-0.62333,0.44583,0.13444,-0.086406,-0.086756,-0.016236
-0.67944,0.46656,0.08549,-0.085649,-0.086858,-0.016971
-0.4932,0.49046,0.14824,-0.08144,-0.064759,0.004533
-0.66769,0.28864,0.032834,-0.067135,-0.0963,-0.024555
-0.68798,0.47874,0.21354,-0.097581,-0.090386,-0.0089738
-0.70836,0.47923,-0.063701,-0.086206,-0.079822,-0.0034156
-0.6899,0.45493,0.15769,-0.075631,-0.089176,-0.029003
-0.686,0.49266,0.22335,-0.093514,-0.090664,-0.0068959
-0.65673,0.55654,0.11887,-0.099616,-0.085658,-0.0043034
-0.73524,0.43758,0.058668,-0.075089,-0.091092,-0.01395
-0.59553,0.57518,0.18451,-0.10931,-0.088873,-0.004494
-0.63877,0.51157,0.12912,-0.087661,-0.086304,-0.010986
-0.53904,0.42869,0.039404,-0.076986,-0.075604,-0.017449
-0.65589,0.57937,0.15481,-0.10215,-0.085799,-0.0011782
-0.6088,0.49847,0.097053,-0.084974,-0.076943,-0.0072148
-0.63179,0.42566,0.021688,-0.074372,-0.079065,-0.018473
-0.65271,0.60028,0.20555,-0.10059,-0.090418,-0.0019462
-0.63375,0.38323,0.13753,-0.074529,-0.090884,-0.012079
-0.63388,0.50575,0.17304,-0.08944,-0.088984,-0.017589
-0.60884,0.57073,0.24454,-0.10808,-0.083834,-0.0056405
-0.58143,0.42243,0.0056212,-0.077172,-0.076994,-0.011483
-0.70549,0.45462,0.15977,-0.08205,-0.099576,-0.020022
-0.65411,0.53694,0.041204,-0.094358,-0.078899,-0.0039268
-0.58819,0.38156,0.027519,-0.073961,-0.083248,-0.010888
-0.66837,0.58069,0.14638,-0.10451,-0.086482,-0.0044422
-0.50692,0.43869,0.032767,-0.083334,-0.065691,0.00047882
-0.54435,0.31367,0.072829,-0.070685,-0.082791,-0.015739
-0.71766,0.53156,0.22484,-0.10174,-0.10108,-0.012755
-0.59727,0.45622,0.00023003,-0.082633,-0.071318,0.0052323
-0.61149,0.44405,0.08279,-0.083417,-0.084888,-0.011636
-0.64259,0.59586,-0.0093792,-0.10013,-0.083989,-0.0058308
-0.487,0.39485,0.03941,-0.074402,-0.069292,-0.0023674
-0.73239,0.57461,0.11134,-0.095474,-0.086595,-0.019544
-0.52676,0.40602,-0.014307,-0.078972,-0.069095,0.00083471
-0.63291,0.36728,0.1069,-0.076247,-0.093269,-0.0109
-0.70725,0.45432,0.18275,-0.086874,-0.094693,-0.014125
-0.574,0.47174,0.10673,-0.092391,-0.076829,0.0034497
-0.67949,0.46415,0.12649,-0.089075,-0.091908,-0.0062829
-0.67021,0.39197,0.18393,-0.085576,-0.090872,-0.014259
-0.57268,0.35182,0.16612,-0.086874,-0.081026,-0.0043217
-0.61613,0.25796,0.17557,-0.071177,-0.095032,-0.018657
-0.5915,0.45149,0.072039,-0.09588,-0.082169,-0.0039693
-0.53509,0.48538,0.11421,-0.097565,-0.068932,0.0025218
-0.56038,0.32881,0.03371,-0.075837,-0.079193,-0.020027
-0.70718,0.43376,0.074045,-0.07307,-0.093765,-0.019972
-0.62658,0.53351,0.054995,-0.098869,-0.076874,0.0017573
-0.7288,0.52645,0.1206,-0.086374,-0.085242,-0.012868
-0.57816,0.47584,0.10011,-0.098,-0.085974,-0.0028514
-0.62856,0.59638,0.045864,-0.10313,-0.087208,-0.0013434
-0.59468,0.38508,0.088276,-0.068708,-0.085383,-0.023686
-0.72127,0.6291,0.21322,-0.11246,-0.10429,-0.003969
-0.64354,0.52608,0.038097,-0.098354,-0.078494,-0.0015781
-0.64727,0.34572,-0.011427,-0.071394,-0.083996,-0.023333
-0.75214,0.61423,0.15007,-0.10546,-0.08988,-0.010508
-0.6489,0.44136,0.014263,-0.077743,-0.085107,-0.0093587
-0.54572,0.44436,0.10604,-0.076918,-0.080357,-0.013534
-0.63876,0.6684,0.1515,-0.11621,-0.07777,0.006437
-0.61102,0.40122,-0.0075609,-0.081373,-0.084377,-0.0076177
-0.66465,0.38418,0.10805,-0.075162,-0.094179,-0.026027
-0.59805,0.46937,0.036578,-0.086333,-0.077203,-0.0055608
-0.72379,0.37869,0.21864,-0.072902,-0.098135,-0.01312
-0.73145,0.58197,-0.010995,-0.10076,-0.091294,-0.016504
-0.5971,0.45511,0.046519,-0.086302,-0.07862,-0.0051078
-0.68676,0.33918,-0.010484,-0.073947,-0.087964,-0.011567
-0.76441,0.47498,0.18332,-0.089165,-0.094528,-0.016784
-0.5244,0.40251,-0.00094002,-0.087188,-0.074158,0.0061362
-0.62664,0.42049,0.073768,-0.080554,-0.086184,-0.010589
-0.72521,0.50455,0.032672,-0.085813,-0.093083,-0.012185
-0.62263,0.32104,0.081786,-0.075409,-0.077714,-0.0043704
-0.65444,0.44095,0.068859,-0.085134,-0.093608,-0.019386
-0.66698,0.55425,0.20241,-0.098251,-0.088218,-0.0094738
-0.57962,0.48777,0.042328,-0.088958,-0.078939,-0.0013037
-0.6942,0.41802,0.19658,-0.079925,-0.085833,-0.016446
-0.62493,0.55346,0.12956,-0.094606,-0.079531,-0.0035128
-0.6181,0.4708,0.0040659,-0.089021,-0.081447,-0.0024079
-0.62656,0.47048,0.10571,-0.082512,-0.0796,-0.017007
-0.6609,0.52666,0.10608,-0.093454,-0.088865,-0.0095342
-0.60441,0.43331,0.21522,-0.086366,-0.082992,-0.0051565
-0.69884,0.36637,0.12981,-0.072535,-0.092066,-0.027427
-0.71728,0.57922,0.18348,-0.10829,-0.089055,-0.0028421
-0.57964,0.41277,-0.03134,-0.080484,-0.077566,-0.0027347
-0.74652,0.4378,-0.021907,-0.077818,-0.090858,-0.027131
-0.63851,0.62454,0.2234,-0.11107,-0.075109,0.0058958
-0.72841,0.38411,0.10315,-0.08477,-0.095692,-0.010538
-0.69654,0.41464,0.13896,-0.078264,-0.092346,-0.016714
-0.68186,0.54923,0.136,-0.10874,-0.077793,0.0070304
-0.6686,0.23706,0.063446,-0.060528,-0.089879,-0.022223
-0.69489,0.49595,0.15422,-0.08733,-0.089014,-0.01767
-0.50358,0.48127,0.098152,-0.084029,-0.068261,0.0048364
-0.67982,0.48195,0.19888,-0.088292,-0.092095,-0.010781
-0.7626,0.54486,0.051187,-0.10334,-0.090733,-0.0075717
-0.57654,0.37542,-0.037203,-0.074229,-0.071637,-0.0050451
-0.69092,0.46137,0.22911,-0.10136,-0.094218,-0.0042195
-0.62872,0.36686,-0.035094,-0.077432,-0.081692,-0.0081161
-0.77139,0.45355,0.13154,-0.084546,-0.095084,-0.024175
-0.63196,0.54748,0.12579,-0.093371,-0.082931,0.0030839
-0.7017,0.58943,0.18385,-0.10087,-0.089347,-0.013232
-0.49201,0.26559,-0.0076756,-0.060908,-0.077089,-0.021836
-0.58806,0.64285,0.080413,-0.10282,-0.075808,0.0030685
-0.72172,0.46233,0.049386,-0.08166,-0.091107,-0.018879
-0.73461,0.43796,0.091404,-0.082554,-0.089839,-0.022602
-0.64036,0.63646,0.078937,-0.10914,-0.075718,0.0016682
-0.7145,0.44157,0.08573,-0.080096,-0.089705,-0.013364
-0.60777,0.41612,0.074486,-0.082034,-0.08186,-0.012948
-0.58977,0.55534,0.20507,-0.09825,-0.081247,-0.00032421
-0.65537,0.53784,0.1122,-0.10101,-0.09144,-0.0082406
-0.51392,0.45263,0.14566,-0.089662,-0.078888,-0.007202
-0.66475,0.45899,0.041207,-0.087245,-0.081629,-0.011782
-0.69864,0.34083,0.15984,-0.067613,-0.09808,-0.0238
-0.7211,0.49892,0.12455,-0.096147,-0.091423,-0.0083727
-0.67837,0.49384,-0.050359,-0.092721,-0.073659,0.00076768
-0.56857,0.26666,0.039691,-0.06735,-0.082158,-0.021967
-0.73043,0.42752,0.15329,-0.085149,-0.092434,-0.013249
-0.64995,0.33941,0.048084,-0.078688,-0.088288,0.00073994
-0.69487,0.30134,0.11868,-0.069651,-0.086114,-0.023629
-0.66381,0.50358,0.088742,-0.1039,-0.086086,-0.0047723
-0.6247,0.31838,0.06015,-0.069941,-0.086085,-0.011182
-0.59534,0.32374,0.0093414,-0.066746,-0.083878,-0.021633
-0.66782,0.54554,0.15517,-0.10252,-0.094451,0.00016568
-0.58048,0.48818,-0.052189,-0.092077,-0.077091,0.0045754
-0.68661,0.52534,0.12837,-0.089465,-0.081612,-0.012077
-0.66047,0.68978,0.1121,-0.11261,-0.086599,0.0091515
-0.66379,0.40352,0.16364,-0.078543,-0.087141,-0.010462
-0.70125,0.50321,0.068581,-0.086154,-0.090688,-0.021456
-0.62534,0.66074,0.037689,-0.11852,-0.071723,0.011673
-0.63354,0.39277,0.033364,-0.078765,-0.089882,-0.021007
-0.65309,0.51841,0.080324,-0.094667,-0.087281,-0.015665
-0.58693,0.53739,0.010125,-0.090259,-0.07574,1.081e-05
-0.7363,0.51417,0.06424,-0.08321,-0.092263,-0.013835
-0.66298,0.56598,0.093865,-0.10826,-0.087357,-0.0016434
-0.57162,0.59702,-0.07875,-0.08935,-0.064796,-0.0024479
-0.63281,0.42262,0.13284,-0.085579,-0.087748,-0.012917
-0.80321,0.52972,0.062557,-0.091373,-0.097135,-0.015685
-0.64152,0.48423,0.032692,-0.088414,-0.07793,-0.0015712
-0.64615,0.38981,0.18171,-0.082899,-0.09026,-0.0096635
-0.68962,0.61282,0.1906,-0.11497,-0.09154,-0.0029155
-0.56072,0.39815,0.011222,-0.079043,-0.081794,-0.0052064
-0.66999,0.26924,-0.008589,-0.060536,-0.086654,-0.019353
-0.80664,0.64138,0.096317,-0.10965,-0.092895,-0.0069172
-0.58832,0.42459,0.10145,-0.08731,-0.080583,0.0013589
-0.59565,0.39946,0.052735,-0.071163,-0.081735,-0.017637
-0.6268,0.48245,0.099168,-0.090002,-0.089545,-0.010653
-0.66093,0.43153,0.051476,-0.09297,-0.084982,-0.0005336
-0.67423,0.50723,0.076571,-0.081597,-0.093918,-0.01583
-0.61794,0.64624,0.035007,-0.10793,-0.072466,0.0078605
-0.53006,0.35292,-0.019239,-0.072664,-0.071937,-0.00105
-0.70202,0.3424,0.037161,-0.064219,-0.096118,-0.030266
-0.5807,0.48179,0.067867,-0.096919,-0.079391,0.00024218
-0.57021,0.38472,-0.016258,-0.081008,-0.088106,-0.0080304
-0.59594,0.58186,-0.041888,-0.098715,-0.082557,-0.014654
-0.57314,0.43758,0.034094,-0.087103,-0.070661,-0.0027988
-0.61097,0.2968,0.12242,-0.078199,-0.088101,-0.019131
-0.65792,0.57636,0.03872,-0.10023,-0.084626,-0.0036185
-0.55825,0.51891,0.041705,-0.090376,-0.070631,0.010689
-0.71118,0.36462,0.072359,-0.063726,-0.09547,-0.024573
-0.652,0.44023,0.09968,-0.088999,-0.0862,0.0033124
-0.69609,0.57604,0.045662,-0.099598,-0.083349,0.00054492
-0.63429,0.46434,0.043759,-0.08543,-0.077018,-0.015122
-0.56681,0.47837,0.099518,-0.088131,-0.078636,0.0022167
-0.64989,0.39922,0.092769,-0.081328,-0.09376,-0.0083764
-0.61681,0.36754,0.17503,-0.085104,-0.087185,-0.015292
-0.67489,0.59244,0.17458,-0.10969,-0.08936,0.0087175
-0.59253,0.42549,0.01384,-0.083548,-0.080407,-0.012218
-0.68376,0.49528,0.064168,-0.085339,-0.088118,-0.015027
-0.57564,0.51583,0.04899,-0.091412,-0.075597,0.00073075
-0.68245,0.50594,0.072737,-0.088807,-0.091845,-0.014739
-0.66878,0.47833,0.062469,-0.094637,-0.083163,-0.0043154
-0.58559,0.5189,0.06396,-0.095081,-0.074357,-0.0086947
-0.63382,0.46398,0.092939,-0.086019,-0.086898,-0.013609
-0.66548,0.5335,0.098558,-0.088195,-0.088634,-0.010132
-0.61879,0.53316,0.038432,-0.094836,-0.070794,-0.0014191
-0.72366,0.42231,0.084288,-0.088043,-0.088222,-0.015552
-0.7002,0.52869,0.046262,-0.094472,-0.089739,-0.0092968
-0.57673,0.45924,0.072787,-0.088952,-0.074283,-0.0025847
-0.58733,0.3767,0.10891,-0.074357,-0.08544,-0.014004
-0.69911,0.47779,0.21361,-0.10031,-0.092471,-0.01024
-0.64894,0.46316,0.019391,-0.092937,-0.085222,0.0023181
-0.64034,0.32068,0.062605,-0.066468,-0.085038,-0.02678
-0.70284,0.45295,0.060931,-0.092723,-0.09651,-0.012373
-0.63215,0.47148,-0.10031,-0.082616,-0.076696,-0.0056409
-0.61433,0.32407,-0.10277,-0.067855,-0.080071,-0.018022
-0.60974,0.51234,0.066835,-0.096273,-0.076329,0.00083811
-0.54978,0.43201,0.0069252,-0.089548,-0.076528,-0.006481
-0.64537,0.29498,0.094146,-0.055109,-0.088053,-0.022218
-0.65092,0.56328,0.045371,-0.096131,-0.081469,0.0029383
-0.68187,0.40922,0.13115,-0.08558,-0.088407,-0.010279
-0.5955,0.37884,0.05356,-0.072716,-0.07403,-0.020415
-0.69133,0.58855,0.13113,-0.10669,-0.092818,0.0026558
-0.65015,0.40222,0.061088,-0.074853,-0.085374,-0.01715
-0.63831,0.36065,-0.046613,-0.076469,-0.090037,-0.017683
-0.6766,0.46706,0.056342,-0.091516,-0.079888,-0.0081402
-0.65346,0.43296,0.022671,-0.086129,-0.082131,-0.012208
-0.67464,0.3342,0.057548,-0.073604,-0.094807,-0.022453
-0.69708,0.5327,0.12327,-0.091711,-0.08072,-0.0064941
-0.61693,0.32136,0.12643,-0.069081,-0.093412,-0.019443
-0.69082,0.60824,0.12828,-0.1093,-0.091434,-0.0092421
-0.59521,0.61357,-0.1268,-0.09789,-0.063312,0.0041906
-0.6321,0.27626,0.023445,-0.061013,-0.08633,-0.023095
-0.74178,0.54057,0.15592,-0.097537,-0.096238,-0.011753
-0.67956,0.4048,0.065427,-0.083341,-0.084764,-0.014281
-0.65916,0.48266,0.035195,-0.091494,-0.080469,-0.0063742
-0.71382,0.51272,0.13415,-0.091059,-0.088127,-0.019805
-0.57628,0.50862,-0.070403,-0.089591,-0.074442,0.0029484
-0.63797,0.29683,0.099014,-0.062858,-0.093044,-0.018701
-0.70842,0.59625,0.085453,-0.10423,-0.084371,-0.0026994
-0.56071,0.43014,0.038132,-0.090004,-0.070491,0.0039387
-0.543,0.2212,0.096407,-0.055388,-0.083351,-0.024458
-0.70252,0.57609,0.18664,-0.099896,-0.081801,-0.0036996
-0.63396,0.31933,-0.081837,-0.071057,-0.080131,-0.0075467
-0.68275,0.48439,0.10745,-0.086283,-0.083009,-0.021399
-0.65346,0.61543,0.078489,-0.10036,-0.082512,-0.00522
-0.5791,0.48369,0.10843,-0.091762,-0.078498,0.0014142
-0.67317,0.30349,0.11518,-0.064047,-0.09541,-0.02801
-0.66512,0.6672,0.10113,-0.11143,-0.084398,-0.0023497
-0.66186,0.40884,0.045363,-0.091098,-0.084825,-0.0043148
-0.66484,0.36366,0.071278,-0.073339,-0.08766,-0.015612
-0.75197,0.62797,0.13488,-0.098605,-0.098483,-0.012071
-0.61121,0.37204,0.00056547,-0.081039,-0.082216,-0.0047057
-0.6367,0.44145,0.10558,-0.084179,-0.082338,-0.016717
-0.63454,0.54786,0.030589,-0.10699,-0.083138,-0.0093422
-0.58393,0.47671,0.057428,-0.083733,-0.080915,-0.0052116
-0.67556,0.35477,0.096207,-0.072892,-0.081913,-0.023353
-0.68095,0.55898,0.021458,-0.097923,-0.083763,-0.0056574
-0.55259,0.49343,0.14695,-0.094585,-0.076875,0.00082636
-0.70124,0.51775,0.028654,-0.082117,-0.08816,-0.019351
-0.71834,0.47326,0.16717,-0.095298,-0.097063,-0.010829
-0.6012,0.49332,0.10571,-0.083037,-0.077928,-0.0041649
-0.59021,0.44347,0.024152,-0.077597,-0.087686,-0.022616
-0.58184,0.49362,0.099308,-0.089544,-0.072922,0.00047546
-0.61109,0.37989,0.2198,-0.086204,-0.084096,-0.010189
-0.75272,0.38328,0.11624,-0.076842,-0.10345,-0.037142
-0.62498,0.43576,-0.001143,-0.086847,-0.073609,0.0055715
-0.6321,0.38226,0.14288,-0.08141,-0.085674,-0.010319
-0.62983,0.54305,0.017875,-0.092429,-0.086035,-0.010629
-0.53864,0.49412,-0.0064735,-0.090624,-0.067752,0.0089999
-0.63651,0.24134,0.11656,-0.063424,-0.091573,-0.028789
-0.68261,0.44928,0.12071,-0.089423,-0.08989,-0.012221
-0.59293,0.44994,-0.041074,-0.087887,-0.072346,0.0051794
-0.63229,0.38213,0.00051102,-0.077076,-0.079253,-0.017005
-0.65204,0.58146,0.14342,-0.10485,-0.08387,-0.00087107
-0.60991,0.36872,0.021187,-0.070262,-0.076844,-0.00078296
-0.75827,0.39898,0.028029,-0.072874,-0.095224,-0.023717
-0.63799,0.6141,-0.0013052,-0.10524,-0.077232,0.0062617
-0.53611,0.44952,-0.055844,-0.083144,-0.065033,-0.00019185
-0.60827,0.38393,0.016602,-0.067465,-0.079551,-0.020363
-0.63418,0.57183,-0.0047645,-0.099662,-0.084377,0.0023795
-0.59615,0.45234,0.15456,-0.092419,-0.082502,-0.0069769
-0.67248,0.63248,-0.080359,-0.10039,-0.080702,-0.0047505
-0.60338,0.53931,-0.0040702,-0.089836,-0.080341,-0.0068869
-0.63104,0.34984,0.19615,-0.085802,-0.092603,-0.016392
-0.69527,0.57107,0.018499,-0.087755,-0.085759,-0.0097347
-0.66856,0.45375,0.15284,-0.090684,-0.089753,-0.0026771
-0.67193,0.41966,0.018855,-0.086087,-0.085853,-0.0060194
-0.74447,0.47338,0.083239,-0.0824,-0.093549,-0.025106
-0.56952,0.44833,0.07296,-0.088493,-0.076837,-0.0019231
-0.70724,0.48486,0.16528,-0.096736,-0.096687,-0.0092463
-0.66916,0.48284,0.11266,-0.094092,-0.089332,-0.018097
-0.59092,0.56434,-0.036592,-0.097898,-0.069968,0.004426
-0.51634,0.55474,0.02861,-0.092554,-0.072953,-0.00011761
-0.66762,0.5063,0.089379,-0.092898,-0.088952,-0.013062
-0.62792,0.49721,0.146,-0.093171,-0.079904,0.0031533
-0.63231,0.40678,0.037532,-0.078899,-0.078201,-0.015226
-0.59749,0.45752,0.2485,-0.095636,-0.084809,-0.015567
-0.55174,0.40104,-0.11683,-0.085622,-0.068249,0.0023758
-0.64158,0.23872,0.028187,-0.060451,-0.092107,-0.027736
-0.71882,0.4773,0.16066,-0.094169,-0.098069,-0.014851
-0.5918,0.50425,-0.020196,-0.092708,-0.078596,0.00078457
-0.74402,0.42649,4.2898e-05,-0.072603,-0.092577,-0.026831
-0.57714,0.44834,0.040155,-0.09288,-0.084311,0.0012759
-0.63347,0.45234,-0.034657,-0.079874,-0.085634,-0.01128
-0.65381,0.45588,0.034097,-0.08492,-0.081728,-0.014267
-0.61379,0.51145,0.031193,-0.09726,-0.083172,-0.004017
-0.70974,0.38033,0.060062,-0.080449,-0.091667,-0.017471
-0.68241,0.67238,0.038299,-0.10418,-0.083932,-0.0074149
-0.53094,0.60976,0.076064,-0.10533,-0.067008,0.0072394
-0.725,0.42418,-0.0027521,-0.089713,-0.089974,-0.018804
-0.72444,0.44511,0.14441,-0.086761,-0.095311,-0.015444
-0.64932,0.55342,0.1102,-0.11064,-0.080908,0.0011226
-0.7101,0.50619,0.081094,-0.092549,-0.093728,-0.014443
-0.68861,0.50885,-0.0014812,-0.095658,-0.083697,-0.012731
-0.66753,0.49469,0.15375,-0.092853,-0.084381,-0.0068569
-0.66247,0.36358,0.038742,-0.069527,-0.094723,-0.022149
-0.70226,0.59309,0.14064,-0.099823,-0.085576,-0.0081481
-0.64543,0.47056,0.061639,-0.093179,-0.073634,-0.0036302
-0.72443,0.46621,-0.0022706,-0.088407,-0.090562,-0.019563
-0.6838,0.4375,0.11185,-0.088348,-0.087915,-0.01311
-0.66014,0.42952,0.069865,-0.081763,-0.084189,-0.0063779
-0.69381,0.35296,0.086958,-0.072208,-0.089024,-0.022741
-0.69909,0.47274,0.11626,-0.098069,-0.093517,-0.010708
-0.63649,0.51917,-0.053619,-0.09684,-0.079275,0.0035131
-0.58418,0.25088,0.0066469,-0.058521,-0.08295,-0.025734
-0.72013,0.45848,0.04147,-0.099135,-0.093415,-0.0031225
-0.66179,0.4305,0.026876,-0.080024,-0.085596,-0.014164
-0.59784,0.25279,0.0077616,-0.072129,-0.08203,-0.02116
-0.5803,0.41176,0.11637,-0.084885,-0.076876,-0.0046522
-0.54971,0.18574,0.0039296,-0.070561,-0.083783,-0.013118
-0.63118,0.30834,0.045582,-0.06507,-0.085045,-0.015726
-0.67431,0.53281,0.098685,-0.097483,-0.082535,-0.0025539
-0.67498,0.47647,-0.045908,-0.090318,-0.080921,-0.0026208
-0.73038,0.37324,0.089348,-0.076203,-0.090652,-0.014723
-0.62182,0.54557,0.085473,-0.098251,-0.0752,0.00039472
-0.67037,0.40462,0.074717,-0.086672,-0.092839,-0.013993
-0.6169,0.42618,0.053782,-0.08653,-0.088309,-0.013302
-0.64525,0.58607,0.025988,-0.1011,-0.076383,-0.0015724
-0.62512,0.45509,0.065286,-0.081504,-0.081243,-0.014571
-0.68668,0.51615,0.025429,-0.092348,-0.089541,-0.020165
-0.69283,0.52502,-0.04404,-0.086183,-0.077564,-0.0045727
-0.6917,0.38677,0.12209,-0.078284,-0.083799,-0.021504
-0.68161,0.58507,0.083772,-0.10449,-0.081424,-0.00065531
-0.65213,0.42027,0.071548,-0.078953,-0.077898,-0.0079647
-0.69092,0.38281,-0.024357,-0.071615,-0.083937,-0.020083
-0.81948,0.64899,0.27311,-0.10907,-0.09553,-0.0050326
-0.61315,0.50037,0.036469,-0.094501,-0.078658,0.0034604
-0.71453,0.39325,0.073526,-0.081882,-0.086997,-0.0243
-0.72258,0.53279,0.064894,-0.099135,-0.091925,-0.010088
-0.70937,0.45349,0.02725,-0.090069,-0.090446,-0.0062214
-0.59744,0.27557,-0.085646,-0.059403,-0.079054,-0.022608
-0.70251,0.51638,0.060517,-0.098215,-0.084084,-0.0042935
-0.67536,0.3349,0.11661,-0.0845,-0.093013,-0.014642
-0.67717,0.2564,0.02485,-0.061828,-0.087092,-0.025072
-0.6881,0.51785,0.08175,-0.093035,-0.086654,-0.0031186
-0.65346,0.4514,0.019815,-0.084643,-0.088644,-0.0067642
-0.66827,0.39424,0.048294,-0.081521,-0.085861,-0.016521
-0.62742,0.55952,0.029859,-0.097917,-0.078652,-0.0042777
-0.5937,0.2973,-0.010058,-0.072824,-0.084215,-0.011021
-0.68062,0.46199,0.13537,-0.08297,-0.092002,-0.015306
-0.66519,0.5932,-0.056011,-0.10611,-0.073684,-0.000754
-0.6282,0.34142,-0.0033564,-0.076624,-0.082927,-0.0098898
-0.68378,0.65356,0.16412,-0.11545,-0.085721,-0.0093406
-0.63895,0.58747,-0.025863,-0.098042,-0.074385,0.003239
-0.64198,0.37707,0.059927,-0.069645,-0.085047,-0.012163
-0.8236,0.62063,0.16843,-0.10934,-0.10281,-0.0089626
-0.67779,0.58677,0.14747,-0.10705,-0.092167,-0.0066204
-0.61892,0.44658,0.0092773,-0.086583,-0.074533,0.0048828
-0.68799,0.29544,0.097733,-0.071726,-0.098904,-0.020942
-0.7425,0.50581,0.1258,-0.097671,-0.095067,-0.010581
-0.67215,0.38613,-0.11429,-0.076689,-0.08446,-0.0075115
-0.6191,0.29999,-0.086458,-0.064352,-0.073728,-0.025597
-0.67461,0.5798,0.019743,-0.10185,-0.0868,-0.0053613
-0.60116,0.42227,-0.022969,-0.087047,-0.082512,-0.0037074
-0.71328,0.4846,0.074157,-0.088666,-0.087607,-0.016934
-0.68179,0.44854,-0.091859,-0.092981,-0.083947,-0.0078196
-0.60947,0.30743,-0.055032,-0.074422,-0.074117,-0.0060797
-0.67851,0.3802,0.12419,-0.080741,-0.090612,-0.024541
-0.69826,0.532,-0.055621,-0.090778,-0.080139,-0.0044635
-0.63648,0.45372,-0.12954,-0.082669,-0.079585,-0.0053974
-0.74468,0.50493,-0.07116,-0.092,-0.088651,-0.023039
-0.56532,0.53113,0.06413,-0.095843,-0.073763,0.0041612
-0.67242,0.39378,0.054573,-0.091444,-0.085378,-0.0031909
-0.70209,0.43005,0.07056,-0.085105,-0.089569,-0.022268
-0.69997,0.45212,-0.0096168,-0.084353,-0.085809,-0.0074487
-0.62932,0.42709,-0.026444,-0.080817,-0.082368,-0.0094374
-0.74215,0.42762,0.091123,-0.08545,-0.097943,-0.022321
-0.60368,0.51663,-0.080848,-0.092551,-0.067641,0.0008164
-0.76475,0.40461,0.064816,-0.080896,-0.09693,-0.024189
-0.70517,0.43381,0.036718,-0.086802,-0.082934,-0.01843
-0.57479,0.43665,0.012912,-0.088778,-0.077917,-0.00055818
-0.64143,0.36393,0.10867,-0.07491,-0.095921,-0.025997
-0.70354,0.55171,0.022225,-0.10114,-0.086182,-0.0080169
-0.59691,0.39095,-0.064535,-0.083407,-0.076549,0.00092027
-0.60629,0.3646,0.049265,-0.06953,-0.086123,-0.024296
-0.72323,0.58503,-0.043795,-0.09875,-0.085116,0.001843
-0.62854,0.34132,0.075034,-0.076282,-0.080336,-0.0092534
-0.64776,0.40327,0.014382,-0.074858,-0.082682,-0.021328
-0.68112,0.52245,-0.028104,-0.1035,-0.088081,-0.0070003
-0.65777,0.34015,0.072553,-0.084746,-0.092009,-0.0086359
-0.71744,0.43115,0.16283,-0.079272,-0.088694,-0.02402
-0.70297,0.6038,0.14295,-0.10845,-0.085011,-0.0026108
-0.67359,0.48907,0.058078,-0.087573,-0.083553,-0.0082916
-0.7377,0.50371,0.079136,-0.090937,-0.089401,-0.025331
-0.71069,0.46316,0.1813,-0.094269,-0.085759,-0.0039425
-0.64454,0.21587,0.087037,-0.062371,-0.089204,-0.014386
-0.67731,0.59084,0.091951,-0.1043,-0.085119,-0.011525
-0.63069,0.47327,0.04021,-0.094766,-0.080074,-0.0011613
-0.64135,0.5075,0.016875,-0.092583,-0.084609,-0.0088083
-0.71327,0.44873,-0.049288,-0.085741,-0.091084,-0.020919
-0.55055,0.51144,0.103,-0.094185,-0.075365,-0.0071536
-0.70876,0.47816,0.19111,-0.096849,-0.098265,-0.017438
-0.66172,0.49567,0.079554,-0.09347,-0.09008,-0.013028
-0.54847,0.55166,0.062022,-0.10053,-0.066352,0.0029755
-0.58879,0.41343,0.0053879,-0.07564,-0.08219,-0.009324
-0.78402,0.53667,-0.062723,-0.096746,-0.092747,-0.0099392
-0.69862,0.41297,0.0064069,-0.084577,-0.085058,-0.0016376
-0.69847,0.3636,0.053848,-0.079772,-0.094143,-0.021449
-0.6522,0.42082,0.13404,-0.088365,-0.086091,-0.016386
-0.59385,0.39476,-0.030236,-0.080598,-0.073108,-0.0046927
-0.65005,0.40074,0.10097,-0.08096,-0.089648,-0.020327
-0.67613,0.5317,-0.035563,-0.094146,-0.082185,-0.0063603
-0.58245,0.47941,-0.00021047,-0.088551,-0.072156,0.0022747
-0.63596,0.38733,-0.085833,-0.075237,-0.084554,-0.018825
-0.64783,0.47327,0.058811,-0.090304,-0.082348,-0.010607
-0.6438,0.3932,0.1216,-0.08593,-0.087315,-0.010657
-0.64156,0.49751,0.017861,-0.095939,-0.079979,0.0012733
-0.76534,0.47586,0.020185,-0.08002,-0.092497,-0.018746
-0.78079,0.54985,0.11291,-0.10897,-0.093211,-0.013883
-0.64578,0.45638,0.031366,-0.093101,-0.082539,-0.00097979
-0.70674,0.33463,-0.045332,-0.064099,-0.096213,-0.025144
-0.68055,0.48129,0.13535,-0.099191,-0.096682,-0.010029
-0.65618,0.4629,0.051517,-0.093956,-0.084458,-0.0018713
-0.65363,0.35271,-0.078461,-0.067527,-0.08253,-0.024532
-0.62003,0.49105,0.061047,-0.087247,-0.074266,0.00017583
-0.71686,0.51428,-0.040901,-0.088806,-0.078786,-0.01004
-0.69474,0.38452,0.16281,-0.073885,-0.085167,-0.020538
-0.70372,0.54313,0.18673,-0.097878,-0.087759,-0.0010781
-0.6214,0.57633,-0.1031,-0.1047,-0.083242,-0.0012012
-0.66079,0.2771,0.030879,-0.06232,-0.093551,-0.019347
-0.63888,0.539,0.079229,-0.098305,-0.087093,-0.002746
-0.52869,0.46206,0.13052,-0.092605,-0.071166,-0.0029051
-0.67208,0.36665,0.015327,-0.077768,-0.084053,-0.0094906
-0.66533,0.54242,0.064865,-0.10139,-0.079111,0.00044917
-0.66897,0.29348,-0.08935,-0.063047,-0.090388,-0.018194
-0.6518,0.35085,-0.00606,-0.071307,-0.082283,-0.017366
-0.72505,0.55008,0.077982,-0.093688,-0.088126,0.0012522
-0.61792,0.41216,0.10017,-0.091707,-0.079856,0.00081677
-0.66519,0.39873,-0.041311,-0.080384,-0.091293,-0.01411
-0.594,0.577,-0.0026286,-0.099638,-0.068695,-0.0030762
-0.65896,0.37564,0.077957,-0.07951,-0.090262,-0.014358
-0.7591,0.46046,0.17791,-0.09554,-0.10212,-0.025019
-0.65146,0.53548,0.056799,-0.10224,-0.076271,-0.0028144
-0.7063,0.42198,0.0073471,-0.083631,-0.088896,-0.015859
-0.70703,0.42105,-0.081861,-0.086052,-0.090645,-0.01643
-0.60632,0.43697,-0.10989,-0.077324,-0.069476,-0.0034807
-0.7507,0.36123,0.15874,-0.089293,-0.10268,-0.020179
-0.69477,0.52598,-0.0065423,-0.10243,-0.084027,-0.0096926
-0.62159,0.45913,-0.14053,-0.076826,-0.071486,-0.0019827
-0.68292,0.33292,0.10914,-0.079056,-0.09495,-0.028521
-0.75983,0.58486,0.080584,-0.10238,-0.094325,-0.00701
-0.54919,0.55021,-0.1077,-0.09894,-0.06539,0.006315
-0.71898,0.41039,0.014801,-0.081149,-0.089869,-0.024557
-0.68318,0.47807,0.076328,-0.092551,-0.088413,-0.0079477
-0.73647,0.44792,-0.018244,-0.084429,-0.091311,-0.0083684
-0.75876,0.27204,-0.0085052,-0.06932,-0.094004,-0.023406
-0.64843,0.54265,0.056621,-0.1072,-0.077607,0.0085971
-0.65629,0.40695,0.032725,-0.087355,-0.087609,-0.011721
-0.69656,0.3745,0.039956,-0.072436,-0.089305,-0.012792
-0.59457,0.41787,-0.043164,-0.086798,-0.084056,-0.0025959
-0.71479,0.37003,0.063355,-0.079726,-0.086987,-0.0083913
-0.68724,0.56596,0.074589,-0.10044,-0.08636,-0.012047
-0.64887,0.52929,-0.021355,-0.097282,-0.078985,-0.0007118
-0.55216,0.33822,0.085417,-0.072258,-0.074623,-0.0084059
-0.74361,0.39247,0.10322,-0.075427,-0.089371,-0.020534
-0.71339,0.6825,0.025841,-0.11293,-0.075928,0.0036702
-0.59079,0.40181,-0.018806,-0.079699,-0.078725,-0.0056348
-0.67254,0.48771,0.07456,-0.089552,-0.091495,-0.017342
-0.66513,0.46433,0.024707,-0.093281,-0.08072,-0.0060798
-0.62512,0.26999,0.022467,-0.063925,-0.080523,-0.024086
-0.76335,0.65301,0.075685,-0.11784,-0.096347,-0.0097788
-0.59865,0.56408,-0.12386,-0.095915,-0.067467,0.0028564
-0.57343,0.36035,-0.099105,-0.072859,-0.072776,-0.013895
-0.71232,0.64823,0.15239,-0.10395,-0.091978,-0.013232
-0.50848,0.37347,0.015076,-0.080428,-0.062399,6.0959e-05
-0.70167,0.40197,0.099597,-0.084642,-0.098498,-0.019187
